0.0000000000000000000000000000000
149.00000000000000000000000000000
171.50050354003906250000000000000
137.53471374511718750000000000000
139.28959655761718750000000000000
181.24447631835937500000000000000
138.22102355957031250000000000000
138.86442565917968750000000000000
139.00000000000000000000000000000
172.54873657226562500000000000000
147.81079101562500000000000000000
138.42405700683593750000000000000
181.80604553222656250000000000000
138.34448242187500000000000000000
139.09814453125000000000000000000
138.00000000000000000000000000000
170.33836364746093750000000000000
139.05390930175781250000000000000
149.07991027832031250000000000000
171.34736633300781250000000000000
149.93006896972656250000000000000
138.21717834472656250000000000000
160.00000000000000000000000000000
153.56169128417968750000000000000
167.35881042480468750000000000000
137.69287109375000000000000000000
139.14318847656250000000000000000
180.88172912597656250000000000000
138.80261230468750000000000000000
149.86238098144531250000000000000
714.00000000000000000000000000000
139.44363403320312500000000000000
180.62431335449218750000000000000
128.05383300781250000000000000000
149.50863647460937500000000000000
181.35691833496093750000000000000
138.50842285156250000000000000000
138.93444824218750000000000000000
149.00164794921875000000000000000
170.63447570800781250000000000000
139.35981750488281250000000000000
138.49108886718750000000000000000
180.49732971191406250000000000000
129.04089355468750000000000000000
149.57788085937500000000000000000
64.000000000000000000000000000000
149.40667724609375000000000000000
170.62408447265625000000000000000
138.52064514160156250000000000000
139.28903198242187500000000000000
169.48088073730468750000000000000
149.85018920898437500000000000000
140.79727172851562500000000000000
139.00000000000000000000000000000
181.36761474609375000000000000000
127.85155487060546875000000000000
138.67265319824218750000000000000
181.05546569824218750000000000000
138.51361083984375000000000000000
139.60823059082031250000000000000
160.00000000000000000000000000000
160.14778137207031250000000000000
138.32292175292968750000000000000
148.94689941406250000000000000000
182.02856445312500000000000000000
138.49215698242187500000000000000
138.51037597656250000000000000000
139.00000000000000000000000000000
170.49482727050781250000000000000
150.05250549316406250000000000000
138.11448669433593750000000000000
192.01300048828125000000000000000
127.16089630126953125000000000000
138.79344177246093750000000000000
150.00000000000000000000000000000
169.59423828125000000000000000000
140.03359985351562500000000000000
140.84683227539062500000000000000
167.39184570312500000000000000000
149.82723999023437500000000000000
138.27700805664062500000000000000
107.28287506103515625000000000000
139.00000000000000000000000000000
181.08889770507812500000000000000
138.72372436523437500000000000000
138.67222595214843750000000000000
181.20353698730468750000000000000
149.41300964355468750000000000000
138.80928039550781250000000000000
138.00000000000000000000000000000
181.69757080078125000000000000000
138.26567077636718750000000000000
138.50119018554687500000000000000
171.44592285156250000000000000000
150.09213256835937500000000000000
137.09599304199218750000000000000
138.00000000000000000000000000000
182.03517150878906250000000000000
128.47596740722656250000000000000
148.03858947753906250000000000000
181.37553405761718750000000000000
140.02885437011718750000000000000
137.81417846679687500000000000000
150.00000000000000000000000000000
159.76867675781250000000000000000
149.64741516113281250000000000000
148.72050476074218750000000000000
170.61305236816406250000000000000
142.23722839355468750000000000000
136.83230590820312500000000000000
150.00000000000000000000000000000
170.33399963378906250000000000000
276.83581542968750000000000000000
181.56730651855468750000000000000
138.93553161621093750000000000000
139.11608886718750000000000000000
