0.0000000000000000000000000000000
171.00000000000000000000000000000
95.715309143066406250000000000000
117.93542480468750000000000000000
319.54650878906250000000000000000
757.31262207031250000000000000000
2069.7780761718750000000000000000
127.52796936035156250000000000000
192.19429016113281250000000000000
639.79486083984375000000000000000
139.21412658691406250000000000000
234.74031066894531250000000000000
95.955078125000000000000000000000
170.06086730957031250000000000000
885.17462158203125000000000000000
192.30546569824218750000000000000
96.129081726074218750000000000000
266.89178466796875000000000000000
287.53799438476562500000000000000
341.12701416015625000000000000000
118.27263641357421875000000000000
169.74185180664062500000000000000
289.66934204101562500000000000000
158.95445251464843750000000000000
191.51385498046875000000000000000
149.89134216308593750000000000000
160.14886474609375000000000000000
426.11679077148437500000000000000
511.83364868164062500000000000000
213.44213867187500000000000000000
214.35032653808593750000000000000
192.01736450195312500000000000000
266.06039428710937500000000000000
95.167617797851562500000000000000
139.41554260253906250000000000000
1044.8110351562500000000000000000
96.061134338378906250000000000000
138.75260925292968750000000000000
405.00387573242187500000000000000
160.76168823242187500000000000000
394.62310791015625000000000000000
288.25234985351562500000000000000
95.252708435058593750000000000000
236.55320739746093750000000000000
745.24859619140625000000000000000
106.80600738525390625000000000000
106.33580780029296875000000000000
470.04446411132812500000000000000
148.96330261230468750000000000000
234.50265502929687500000000000000
309.35098266601562500000000000000
223.47451782226562500000000000000
662.23156738281250000000000000000
138.13061523437500000000000000000
917.01593017578125000000000000000
117.79147338867187500000000000000
138.73568725585937500000000000000
223.70335388183593750000000000000
532.85192871093750000000000000000
85.490013122558593750000000000000
213.86340332031250000000000000000
276.84097290039062500000000000000
202.67465209960937500000000000000
352.33627319335937500000000000000
171.01965332031250000000000000000
116.92877197265625000000000000000
310.71179199218750000000000000000
222.18190002441406250000000000000
373.31805419921875000000000000000
651.68945312500000000000000000000
201.80511474609375000000000000000
75.325805664062500000000000000000
554.84527587890625000000000000000
138.64331054687500000000000000000
256.84066772460937500000000000000
243.80624389648437500000000000000
1483.3244628906250000000000000000
138.58979797363281250000000000000
63.862266540527343750000000000000
352.79205322265625000000000000000
127.57863616943359375000000000000
1386.3803710937500000000000000000
74.131095886230468750000000000000
256.10571289062500000000000000000
330.23019409179687500000000000000
278.03692626953125000000000000000
522.98297119140625000000000000000
128.01255798339843750000000000000
276.96127319335937500000000000000
245.20948791503906250000000000000
693.36865234375000000000000000000
84.402664184570312500000000000000
139.76940917968750000000000000000
362.16607666015625000000000000000
255.90809631347656250000000000000
309.51315307617187500000000000000
939.01080322265625000000000000000
84.689498901367187500000000000000
118.34095764160156250000000000000
479.67892456054687500000000000000
831.77111816406250000000000000000
96.362915039062500000000000000000
106.46458435058593750000000000000
234.82888793945312500000000000000
116.95401763916015625000000000000
266.32849121093750000000000000000
277.40524291992187500000000000000
256.17620849609375000000000000000
171.53749084472656250000000000000
902.98535156250000000000000000000
117.10443115234375000000000000000
107.45518493652343750000000000000
373.68139648437500000000000000000
375.81564331054687500000000000000
450.79992675781250000000000000000
301.69720458984375000000000000000
456.64862060546875000000000000000
1390.3714599609375000000000000000
277.12817382812500000000000000000
64.144355773925781250000000000000
234.99203491210937500000000000000
439.63058471679687500000000000000
861.33624267578125000000000000000
74.825447082519531250000000000000
181.40649414062500000000000000000
363.26901245117187500000000000000
266.16415405273437500000000000000
959.74273681640625000000000000000
217.34115600585937500000000000000
166.52407836914062500000000000000
149.35624694824218750000000000000
235.18919372558593750000000000000
212.85922241210937500000000000000
159.99736022949218750000000000000
128.02075195312500000000000000000
245.35292053222656250000000000000
1557.4775390625000000000000000000
65.664230346679687500000000000000
115.52232360839843750000000000000
76.150932312011718750000000000000
329.70550537109375000000000000000
341.79022216796875000000000000000
703.38800048828125000000000000000
74.080741882324218750000000000000
192.59651184082031250000000000000
74.445510864257812500000000000000
170.98440551757812500000000000000
330.98162841796875000000000000000
212.81101989746093750000000000000
383.96560668945312500000000000000
160.15139770507812500000000000000
106.25518798828125000000000000000
266.44232177734375000000000000000
153.92501831054687500000000000000
433.50741577148437500000000000000
512.30517578125000000000000000000
277.68807983398437500000000000000
532.39752197265625000000000000000
64.291831970214843750000000000000
137.87103271484375000000000000000
421.09957885742187500000000000000
485.26428222656250000000000000000
758.02056884765625000000000000000
184.55325317382812500000000000000
351.81768798828125000000000000000
