0.0000000000000000000000000000000
607.00000000000000000000000000000
854.22296142578125000000000000000
661.11218261718750000000000000000
831.91577148437500000000000000000
576.05737304687500000000000000000
799.79449462890625000000000000000
597.30847167968750000000000000000
1375.8944091796875000000000000000
811.49420166015625000000000000000
533.04528808593750000000000000000
778.31658935546875000000000000000
565.31939697265625000000000000000
778.59942626953125000000000000000
629.31585693359375000000000000000
746.63415527343750000000000000000
565.45849609375000000000000000000
746.84051513671875000000000000000
213.57398986816406250000000000000
351.83532714843750000000000000000
724.99725341796875000000000000000
512.03680419921875000000000000000
683.29510498046875000000000000000
489.68634033203125000000000000000
714.95849609375000000000000000000
533.94177246093750000000000000000
650.28051757812500000000000000000
660.67614746093750000000000000000
1440.6241455078125000000000000000
3882.6135253906250000000000000000
608.12377929687500000000000000000
852.75012207031250000000000000000
662.37091064453125000000000000000
831.50067138671875000000000000000
575.68731689453125000000000000000
757.56805419921875000000000000000
640.37701416015625000000000000000
1376.1478271484375000000000000000
820.78479003906250000000000000000
523.33703613281250000000000000000
777.87860107421875000000000000000
565.29711914062500000000000000000
789.64642333984375000000000000000
618.95141601562500000000000000000
746.64483642578125000000000000000
576.37500000000000000000000000000
756.48559570312500000000000000000
544.59051513671875000000000000000
724.51239013671875000000000000000
501.86862182617187500000000000000
693.89038085937500000000000000000
489.56646728515625000000000000000
725.84729003906250000000000000000
533.06933593750000000000000000000
639.66345214843750000000000000000
661.76098632812500000000000000000
