0.0000000000000000000000000000000
203.00000000000000000000000000000
5130.0366210937500000000000000000
160.54142761230468750000000000000
1301.3540039062500000000000000000
1472.0114746093750000000000000000
203.07391357421875000000000000000
1364.4427490234375000000000000000
203.35882568359375000000000000000
437.65206909179687500000000000000
1173.0231933593750000000000000000
148.86714172363281250000000000000
160.13964843750000000000000000000
128.19956970214843750000000000000
127.52731323242187500000000000000
181.98492431640625000000000000000
170.15150451660156250000000000000
54.483192443847656250000000000000
83.738372802734375000000000000000
267.23406982421875000000000000000
127.97319793701171875000000000000
170.20065307617187500000000000000
246.39945983886718750000000000000
202.24472045898437500000000000000
330.67529296875000000000000000000
298.09231567382812500000000000000
150.10427856445312500000000000000
180.88697814941406250000000000000
351.62200927734375000000000000000
267.15673828125000000000000000000
107.01821136474609375000000000000
95.453674316406250000000000000000
192.27755737304687500000000000000
234.44010925292968750000000000000
129.40296936035156250000000000000
51.944194793701171875000000000000
159.78921508789062500000000000000
203.09783935546875000000000000000
76.030609130859375000000000000000
95.287887573242187500000000000000
169.56713867187500000000000000000
308.92669677734375000000000000000
139.41510009765625000000000000000
117.48521423339843750000000000000
86.939872741699218750000000000000
221.83848571777343750000000000000
54.085346221923828125000000000000
95.519844055175781250000000000000
245.84114074707031250000000000000
95.654541015625000000000000000000
63.603572845458984375000000000000
96.139251708984375000000000000000
85.889465332031250000000000000000
74.667915344238281250000000000000
96.053466796875000000000000000000
95.385856628417968750000000000000
106.78765106201171875000000000000
288.13400268554687500000000000000
76.997779846191406250000000000000
115.43675231933593750000000000000
84.561691284179687500000000000000
437.52359008789062500000000000000
192.65885925292968750000000000000
223.74980163574218750000000000000
160.25547790527343750000000000000
74.265625000000000000000000000000
64.024078369140625000000000000000
63.890308380126953125000000000000
139.35035705566406250000000000000
63.209304809570312500000000000000
266.42785644531250000000000000000
63.000000000000000000000000000000
182.87260437011718750000000000000
85.206085205078125000000000000000
64.132644653320312500000000000000
117.09844207763671875000000000000
96.179000854492187500000000000000
138.17114257812500000000000000000
202.92449951171875000000000000000
256.26742553710937500000000000000
