0.0000000000000000000000000000000
811.00000000000000000000000000000
1994.6021728515625000000000000000
757.45318603515625000000000000000
3082.7778320312500000000000000000
522.26440429687500000000000000000
234.57904052734375000000000000000
522.97619628906250000000000000000
1472.3591308593750000000000000000
660.96380615234375000000000000000
106.04904174804687500000000000000
192.06156921386718750000000000000
459.28695678710937500000000000000
170.39060974121093750000000000000
768.23626708984375000000000000000
1460.5584716796875000000000000000
747.25335693359375000000000000000
565.68542480468750000000000000000
725.24896240234375000000000000000
809.92529296875000000000000000000
758.06457519531250000000000000000
256.00003051757812500000000000000
106.31457519531250000000000000000
266.68585205078125000000000000000
491.12451171875000000000000000000
319.40539550781250000000000000000
576.52581787109375000000000000000
287.52532958984375000000000000000
618.55047607421875000000000000000
128.69035339355468750000000000000
650.37084960937500000000000000000
117.54117584228515625000000000000
127.93788909912109375000000000000
351.40386962890625000000000000000
117.83325195312500000000000000000
212.83891296386718750000000000000
245.06852722167968750000000000000
235.05316162109375000000000000000
117.55575561523437500000000000000
160.10151672363281250000000000000
299.02722167968750000000000000000
202.44854736328125000000000000000
223.85560607910156250000000000000
159.63937377929687500000000000000
277.22384643554687500000000000000
352.26660156250000000000000000000
203.33885192871093750000000000000
170.67062377929687500000000000000
265.78701782226562500000000000000
117.14427185058593750000000000000
256.43164062500000000000000000000
170.43894958496093750000000000000
181.28865051269531250000000000000
202.61413574218750000000000000000
256.51165771484375000000000000000
149.08905029296875000000000000000
203.40850830078125000000000000000
660.57739257812500000000000000000
650.79925537109375000000000000000
171.11923217773437500000000000000
639.85406494140625000000000000000
170.38389587402343750000000000000
831.90020751953125000000000000000
128.42886352539062500000000000000
245.20451354980468750000000000000
575.40216064453125000000000000000
4267.2260742187500000000000000000
415.10076904296875000000000000000
117.68201446533203125000000000000
491.24536132812500000000000000000
148.76913452148437500000000000000
128.14071655273437500000000000000
491.30511474609375000000000000000
362.49664306640625000000000000000
448.15567016601562500000000000000
756.65417480468750000000000000000
149.43745422363281250000000000000
277.12771606445312500000000000000
309.39596557617187500000000000000
108.42830657958984375000000000000
350.44274902343750000000000000000
117.40814208984375000000000000000
223.47384643554687500000000000000
129.38488769531250000000000000000
106.25252532958984375000000000000
106.68600463867187500000000000000
149.03445434570312500000000000000
171.30610656738281250000000000000
137.55789184570312500000000000000
139.07485961914062500000000000000
160.17430114746093750000000000000
224.22430419921875000000000000000
148.79983520507812500000000000000
139.25167846679687500000000000000
128.10939025878906250000000000000
394.13577270507812500000000000000
106.18254089355468750000000000000
128.72137451171875000000000000000
383.69934082031250000000000000000
213.28979492187500000000000000000
191.54664611816406250000000000000
214.44345092773437500000000000000
351.86431884765625000000000000000
255.39831542968750000000000000000
160.08837890625000000000000000000
469.00085449218750000000000000000
1301.6666259765625000000000000000
298.72940063476562500000000000000
181.20689392089843750000000000000
224.13415527343750000000000000000
233.88885498046875000000000000000
192.40530395507812500000000000000
245.33293151855468750000000000000
118.06320953369140625000000000000
212.64537048339843750000000000000
139.28724670410156250000000000000
109.10025024414062500000000000000
146.78242492675781250000000000000
213.26379394531250000000000000000
159.62866210937500000000000000000
138.78283691406250000000000000000
160.64419555664062500000000000000
138.29692077636718750000000000000
181.43305969238281250000000000000
191.41972351074218750000000000000
267.37014770507812500000000000000
148.46824645996093750000000000000
131.21272277832031250000000000000
520.22613525390625000000000000000
255.85771179199218750000000000000
287.44650268554687500000000000000
224.46009826660156250000000000000
245.81582641601562500000000000000
415.11962890625000000000000000000
128.60165405273437500000000000000
191.40118408203125000000000000000
170.89677429199218750000000000000
117.23690795898437500000000000000
159.81709289550781250000000000000
109.18622589111328125000000000000
232.00215148925781250000000000000
309.95455932617187500000000000000
266.82894897460937500000000000000
393.92944335937500000000000000000
191.98620605468750000000000000000
171.30004882812500000000000000000
180.67216491699218750000000000000
128.54646301269531250000000000000
351.89599609375000000000000000000
255.67602539062500000000000000000
362.59680175781250000000000000000
171.49818420410156250000000000000
213.13438415527343750000000000000
181.32838439941406250000000000000
223.61508178710937500000000000000
192.42929077148437500000000000000
149.16770935058593750000000000000
191.86749267578125000000000000000
128.15397644042968750000000000000
149.40986633300781250000000000000
130.46781921386718750000000000000
168.45095825195312500000000000000
212.92196655273437500000000000000
149.88385009765625000000000000000
212.68246459960937500000000000000
235.13761901855468750000000000000
234.06675720214843750000000000000
395.22964477539062500000000000000
330.36450195312500000000000000000
191.77844238281250000000000000000
138.84553527832031250000000000000
244.97975158691406250000000000000
192.62802124023437500000000000000
117.53907775878906250000000000000
202.35949707031250000000000000000
107.50834655761718750000000000000
127.08255004882812500000000000000
138.50030517578125000000000000000
117.30274200439453125000000000000
160.48419189453125000000000000000
159.82994079589843750000000000000
277.38754272460937500000000000000
159.84994506835937500000000000000
223.65869140625000000000000000000
235.14834594726562500000000000000
149.09330749511718750000000000000
191.69400024414062500000000000000
191.99273681640625000000000000000
246.07963562011718750000000000000
276.81655883789062500000000000000
245.07936096191406250000000000000
118.95317840576171875000000000000
126.25003051757812500000000000000
266.94628906250000000000000000000
298.73776245117187500000000000000
118.50434112548828125000000000000
820.19659423828125000000000000000
351.83129882812500000000000000000
276.86926269531250000000000000000
107.73029327392578125000000000000
234.71345520019531250000000000000
138.20964050292968750000000000000
437.20077514648437500000000000000
107.87519836425781250000000000000
425.17105102539062500000000000000
170.62408447265625000000000000000
160.33177185058593750000000000000
597.56903076171875000000000000000
160.53367614746093750000000000000
106.53231811523437500000000000000
191.81959533691406250000000000000
489.76632690429687500000000000000
129.14520263671875000000000000000
756.68786621093750000000000000000
107.95030975341796875000000000000
105.55586242675781250000000000000
151.06526184082031250000000000000
127.98104858398437500000000000000
169.14604187011718750000000000000
213.36441040039062500000000000000
127.29755401611328125000000000000
141.25294494628906250000000000000
139.61471557617187500000000000000
136.73889160156250000000000000000
330.09658813476562500000000000000
244.93272399902343750000000000000
245.49971008300781250000000000000
128.37196350097656250000000000000
159.57142639160156250000000000000
106.67293548583984375000000000000
224.05061340332031250000000000000
170.43693542480468750000000000000
149.79913330078125000000000000000
404.32638549804687500000000000000
309.82015991210937500000000000000
447.39834594726562500000000000000
266.64477539062500000000000000000
321.33462524414062500000000000000
159.53640747070312500000000000000
170.02906799316406250000000000000
160.54280090332031250000000000000
330.73727416992187500000000000000
149.16647338867187500000000000000
169.99525451660156250000000000000
256.41641235351562500000000000000
810.75671386718750000000000000000
202.66378784179687500000000000000
811.02593994140625000000000000000
127.25972747802734375000000000000
298.69287109375000000000000000000
299.10476684570312500000000000000
202.30409240722656250000000000000
661.50952148437500000000000000000
192.05297851562500000000000000000
1238.0422363281250000000000000000
286.98681640625000000000000000000
523.31951904296875000000000000000
117.30252075195312500000000000000
170.09544372558593750000000000000
1077.7861328125000000000000000000
810.78222656250000000000000000000
6350.4638671875000000000000000000
