370.00000000000000000000000000000
510.00000000000000000000000000000
510.00000000000000000000000000000
463.00000000000000000000000000000
468.00000000000000000000000000000
392.00000000000000000000000000000
392.00000000000000000000000000000
510.00000000000000000000000000000
510.00000000000000000000000000000
460.00000000000000000000000000000
460.00000000000000000000000000000
420.00000000000000000000000000000
420.00000000000000000000000000000
850.00000000000000000000000000000
850.00000000000000000000000000000
400.00000000000000000000000000000
400.00000000000000000000000000000
630.00000000000000000000000000000
630.00000000000000000000000000000
931.00000000000000000000000000000
931.00000000000000000000000000000
530.00000000000000000000000000000
530.00000000000000000000000000000
575.00000000000000000000000000000
575.00000000000000000000000000000
181.00000000000000000000000000000
181.00000000000000000000000000000
190.00000000000000000000000000000
190.00000000000000000000000000000
1080.0000000000000000000000000000
1080.0000000000000000000000000000
130.00000000000000000000000000000
130.00000000000000000000000000000
500.00000000000000000000000000000
500.00000000000000000000000000000
310.00000000000000000000000000000
310.00000000000000000000000000000
3349.0000000000000000000000000000
4373.0000000000000000000000000000
10050.000000000000000000000000000
