0.0000000000000000000000000000000
590.00000000000000000000000000000
200.00000000000000000000000000000
290.00000000000000000000000000000
330.00000000000000000000000000000
1430.0000000000000000000000000000
630.00000000000000000000000000000
200.00000000000000000000000000000
120.00000000000000000000000000000
330.00000000000000000000000000000
630.00000000000000000000000000000
160.00000000000000000000000000000
120.00000000000000000000000000000
170.00000000000000000000000000000
120.00000000000000000000000000000
630.00000000000000000000000000000
160.00000000000000000000000000000
330.00000000000000000000000000000
160.00000000000000000000000000000
1090.0000000000000000000000000000
530.00000000000000000000000000000
120.00000000000000000000000000000
1170.0000000000000000000000000000
530.00000000000000000000000000000
90.000000000000000000000000000000
1060.0000000000000000000000000000
1460.0000000000000000000000000000
300.00000000000000000000000000000
120.00000000000000000000000000000
800.00000000000000000000000000000
510.00000000000000000000000000000
120.00000000000000000000000000000
160.00000000000000000000000000000
930.00000000000000000000000000000
170.00000000000000000000000000000
130.00000000000000000000000000000
1500.0000000000000000000000000000
120.00000000000000000000000000000
120.00000000000000000000000000000
1180.0000000000000000000000000000
290.00000000000000000000000000000
540.00000000000000000000000000000
540.00000000000000000000000000000
1840.0000000000000000000000000000
1090.0000000000000000000000000000
810.00000000000000000000000000000
130.00000000000000000000000000000
830.00000000000000000000000000000
630.00000000000000000000000000000
620.00000000000000000000000000000
210.00000000000000000000000000000
950.00000000000000000000000000000
160.00000000000000000000000000000
170.00000000000000000000000000000
120.00000000000000000000000000000
1770.0000000000000000000000000000
1930.0000000000000000000000000000
930.00000000000000000000000000000
380.00000000000000000000000000000
80.000000000000000000000000000000
1440.0000000000000000000000000000
120.00000000000000000000000000000
510.00000000000000000000000000000
120.00000000000000000000000000000
170.00000000000000000000000000000
160.00000000000000000000000000000
170.00000000000000000000000000000
160.00000000000000000000000000000
120.00000000000000000000000000000
590.00000000000000000000000000000
650.00000000000000000000000000000
160.00000000000000000000000000000
160.00000000000000000000000000000
330.00000000000000000000000000000
170.00000000000000000000000000000
170.00000000000000000000000000000
120.00000000000000000000000000000
1700.0000000000000000000000000000
550.00000000000000000000000000000
370.00000000000000000000000000000
1060.0000000000000000000000000000
1390.0000000000000000000000000000
430.00000000000000000000000000000
630.00000000000000000000000000000
120.00000000000000000000000000000
790.00000000000000000000000000000
170.00000000000000000000000000000
2697.0000000000000000000000000000
124.00000000000000000000000000000
263.00000000000000000000000000000
700.00000000000000000000000000000
160.00000000000000000000000000000
130.00000000000000000000000000000
500.00000000000000000000000000000
130.00000000000000000000000000000
130.00000000000000000000000000000
63.000000000000000000000000000000
138.00000000000000000000000000000
180.00000000000000000000000000000
98.000000000000000000000000000000
280.00000000000000000000000000000
600.00000000000000000000000000000
120.00000000000000000000000000000
670.00000000000000000000000000000
290.00000000000000000000000000000
1370.0000000000000000000000000000
456.00000000000000000000000000000
2071.0000000000000000000000000000
770.00000000000000000000000000000
60.000000000000000000000000000000
180.00000000000000000000000000000
714.00000000000000000000000000000
1130.0000000000000000000000000000
120.00000000000000000000000000000
200.00000000000000000000000000000
130.00000000000000000000000000000
660.00000000000000000000000000000
170.00000000000000000000000000000
130.00000000000000000000000000000
1410.0000000000000000000000000000
1740.0000000000000000000000000000
830.00000000000000000000000000000
930.00000000000000000000000000000
300.00000000000000000000000000000
160.00000000000000000000000000000
160.00000000000000000000000000000
120.00000000000000000000000000000
970.00000000000000000000000000000
200.00000000000000000000000000000
2060.0000000000000000000000000000
170.00000000000000000000000000000
130.00000000000000000000000000000
160.00000000000000000000000000000
170.00000000000000000000000000000
190.00000000000000000000000000000
130.00000000000000000000000000000
130.00000000000000000000000000000
1130.0000000000000000000000000000
600.00000000000000000000000000000
960.00000000000000000000000000000
1390.0000000000000000000000000000
120.00000000000000000000000000000
1710.0000000000000000000000000000
120.00000000000000000000000000000
130.00000000000000000000000000000
130.00000000000000000000000000000
960.00000000000000000000000000000
620.00000000000000000000000000000
160.00000000000000000000000000000
210.00000000000000000000000000000
760.00000000000000000000000000000
900.00000000000000000000000000000
630.00000000000000000000000000000
160.00000000000000000000000000000
761.00000000000000000000000000000
166.00000000000000000000000000000
1424.0000000000000000000000000000
796.00000000000000000000000000000
1100.0000000000000000000000000000
290.00000000000000000000000000000
120.00000000000000000000000000000
1270.0000000000000000000000000000
630.00000000000000000000000000000
160.00000000000000000000000000000
150.00000000000000000000000000000
80.000000000000000000000000000000
970.00000000000000000000000000000
800.00000000000000000000000000000
120.00000000000000000000000000000
1390.0000000000000000000000000000
1107.0000000000000000000000000000
135.00000000000000000000000000000
518.00000000000000000000000000000
551.00000000000000000000000000000
220.00000000000000000000000000000
470.00000000000000000000000000000
330.00000000000000000000000000000
130.00000000000000000000000000000
420.00000000000000000000000000000
530.00000000000000000000000000000
1160.0000000000000000000000000000
130.00000000000000000000000000000
540.00000000000000000000000000000
160.00000000000000000000000000000
900.00000000000000000000000000000
160.00000000000000000000000000000
170.00000000000000000000000000000
620.00000000000000000000000000000
170.00000000000000000000000000000
2092.0000000000000000000000000000
660.00000000000000000000000000000
150.00000000000000000000000000000
145.00000000000000000000000000000
249.00000000000000000000000000000
258.00000000000000000000000000000
141.00000000000000000000000000000
972.00000000000000000000000000000
972.00000000000000000000000000000
550.00000000000000000000000000000
163.00000000000000000000000000000
830.00000000000000000000000000000
1160.0000000000000000000000000000
290.00000000000000000000000000000
1000.0000000000000000000000000000
90.000000000000000000000000000000
170.00000000000000000000000000000
80.000000000000000000000000000000
810.00000000000000000000000000000
1590.0000000000000000000000000000
160.00000000000000000000000000000
165.00000000000000000000000000000
760.00000000000000000000000000000
320.00000000000000000000000000000
784.00000000000000000000000000000
1470.0000000000000000000000000000
1800.0000000000000000000000000000
790.00000000000000000000000000000
120.00000000000000000000000000000
2700.0000000000000000000000000000
1610.0000000000000000000000000000
160.00000000000000000000000000000
160.00000000000000000000000000000
890.00000000000000000000000000000
120.00000000000000000000000000000
1040.0000000000000000000000000000
1630.0000000000000000000000000000
330.00000000000000000000000000000
170.00000000000000000000000000000
160.00000000000000000000000000000
160.00000000000000000000000000000
320.00000000000000000000000000000
170.00000000000000000000000000000
120.00000000000000000000000000000
290.00000000000000000000000000000
170.00000000000000000000000000000
2760.0000000000000000000000000000
630.00000000000000000000000000000
330.00000000000000000000000000000
170.00000000000000000000000000000
120.00000000000000000000000000000
160.00000000000000000000000000000
200.00000000000000000000000000000
130.00000000000000000000000000000
170.00000000000000000000000000000
1090.0000000000000000000000000000
200.00000000000000000000000000000
120.00000000000000000000000000000
1230.0000000000000000000000000000
1680.0000000000000000000000000000
750.00000000000000000000000000000
1258.0000000000000000000000000000
170.00000000000000000000000000000
2033.0000000000000000000000000000
1130.0000000000000000000000000000
580.00000000000000000000000000000
871.00000000000000000000000000000
281.00000000000000000000000000000
96.000000000000000000000000000000
514.00000000000000000000000000000
1919.0000000000000000000000000000
461.00000000000000000000000000000
456.00000000000000000000000000000
281.00000000000000000000000000000
919.00000000000000000000000000000
1314.0000000000000000000000000000
959.00000000000000000000000000000
129.00000000000000000000000000000
658.00000000000000000000000000000
140.00000000000000000000000000000
170.00000000000000000000000000000
123.00000000000000000000000000000
563.00000000000000000000000000000
103.00000000000000000000000000000
499.00000000000000000000000000000
760.00000000000000000000000000000
120.00000000000000000000000000000
170.00000000000000000000000000000
160.00000000000000000000000000000
160.00000000000000000000000000000
160.00000000000000000000000000000
1570.0000000000000000000000000000
120.00000000000000000000000000000
1658.0000000000000000000000000000
779.00000000000000000000000000000
510.00000000000000000000000000000
120.00000000000000000000000000000
170.00000000000000000000000000000
120.00000000000000000000000000000
170.00000000000000000000000000000
770.00000000000000000000000000000
160.00000000000000000000000000000
131.00000000000000000000000000000
660.00000000000000000000000000000
600.00000000000000000000000000000
120.00000000000000000000000000000
160.00000000000000000000000000000
160.00000000000000000000000000000
1042.0000000000000000000000000000
1497.0000000000000000000000000000
322.00000000000000000000000000000
302.00000000000000000000000000000
625.00000000000000000000000000000
756.00000000000000000000000000000
832.00000000000000000000000000000
1545.0000000000000000000000000000
1326.0000000000000000000000000000
1262.0000000000000000000000000000
163.00000000000000000000000000000
583.00000000000000000000000000000
813.00000000000000000000000000000
122.00000000000000000000000000000
148.00000000000000000000000000000
90.000000000000000000000000000000
667.00000000000000000000000000000
605.00000000000000000000000000000
85.000000000000000000000000000000
1085.0000000000000000000000000000
1472.0000000000000000000000000000
821.00000000000000000000000000000
1616.0000000000000000000000000000
888.00000000000000000000000000000
1512.0000000000000000000000000000
150.00000000000000000000000000000
140.00000000000000000000000000000
140.00000000000000000000000000000
870.00000000000000000000000000000
920.00000000000000000000000000000
163.00000000000000000000000000000
124.00000000000000000000000000000
463.00000000000000000000000000000
127.00000000000000000000000000000
190.00000000000000000000000000000
156.00000000000000000000000000000
741.00000000000000000000000000000
120.00000000000000000000000000000
1932.0000000000000000000000000000
270.00000000000000000000000000000
620.00000000000000000000000000000
659.00000000000000000000000000000
120.00000000000000000000000000000
600.00000000000000000000000000000
594.00000000000000000000000000000
651.00000000000000000000000000000
135.00000000000000000000000000000
836.00000000000000000000000000000
160.00000000000000000000000000000
161.00000000000000000000000000000
370.00000000000000000000000000000
160.00000000000000000000000000000
655.00000000000000000000000000000
186.00000000000000000000000000000
118.00000000000000000000000000000
1164.0000000000000000000000000000
120.00000000000000000000000000000
610.00000000000000000000000000000
140.00000000000000000000000000000
326.00000000000000000000000000000
590.00000000000000000000000000000
970.00000000000000000000000000000
793.00000000000000000000000000000
893.00000000000000000000000000000
300.00000000000000000000000000000
261.00000000000000000000000000000
497.00000000000000000000000000000
496.00000000000000000000000000000
290.00000000000000000000000000000
650.00000000000000000000000000000
1419.0000000000000000000000000000
78.000000000000000000000000000000
159.00000000000000000000000000000
1244.0000000000000000000000000000
130.00000000000000000000000000000
260.00000000000000000000000000000
770.00000000000000000000000000000
800.00000000000000000000000000000
290.00000000000000000000000000000
170.00000000000000000000000000000
122.00000000000000000000000000000
300.00000000000000000000000000000
1174.0000000000000000000000000000
117.00000000000000000000000000000
999.00000000000000000000000000000
2304.0000000000000000000000000000
120.00000000000000000000000000000
2653.0000000000000000000000000000
840.00000000000000000000000000000
660.00000000000000000000000000000
1419.0000000000000000000000000000
300.00000000000000000000000000000
120.00000000000000000000000000000
597.00000000000000000000000000000
150.00000000000000000000000000000
180.00000000000000000000000000000
160.00000000000000000000000000000
160.00000000000000000000000000000
630.00000000000000000000000000000
130.00000000000000000000000000000
1260.0000000000000000000000000000
1460.0000000000000000000000000000
130.00000000000000000000000000000
1430.0000000000000000000000000000
625.00000000000000000000000000000
170.00000000000000000000000000000
890.00000000000000000000000000000
430.00000000000000000000000000000
290.00000000000000000000000000000
1140.0000000000000000000000000000
160.00000000000000000000000000000
330.00000000000000000000000000000
766.00000000000000000000000000000
770.00000000000000000000000000000
1638.0000000000000000000000000000
165.00000000000000000000000000000
130.00000000000000000000000000000
790.00000000000000000000000000000
1860.0000000000000000000000000000
160.00000000000000000000000000000
170.00000000000000000000000000000
2180.0000000000000000000000000000
970.00000000000000000000000000000
160.00000000000000000000000000000
330.00000000000000000000000000000
1460.0000000000000000000000000000
1680.0000000000000000000000000000
750.00000000000000000000000000000
1290.0000000000000000000000000000
1170.0000000000000000000000000000
170.00000000000000000000000000000
1090.0000000000000000000000000000
1130.0000000000000000000000000000
1190.0000000000000000000000000000
120.00000000000000000000000000000
210.00000000000000000000000000000
460.00000000000000000000000000000
160.00000000000000000000000000000
200.00000000000000000000000000000
170.00000000000000000000000000000
1900.0000000000000000000000000000
1360.0000000000000000000000000000
1830.0000000000000000000000000000
170.00000000000000000000000000000
160.00000000000000000000000000000
160.00000000000000000000000000000
540.00000000000000000000000000000
620.00000000000000000000000000000
690.00000000000000000000000000000
160.00000000000000000000000000000
740.00000000000000000000000000000
120.00000000000000000000000000000
210.00000000000000000000000000000
800.00000000000000000000000000000
330.00000000000000000000000000000
160.00000000000000000000000000000
160.00000000000000000000000000000
120.00000000000000000000000000000
540.00000000000000000000000000000
667.00000000000000000000000000000
117.00000000000000000000000000000
452.00000000000000000000000000000
131.00000000000000000000000000000
130.00000000000000000000000000000
130.00000000000000000000000000000
760.00000000000000000000000000000
925.00000000000000000000000000000
970.00000000000000000000000000000
120.00000000000000000000000000000
170.00000000000000000000000000000
160.00000000000000000000000000000
200.00000000000000000000000000000
330.00000000000000000000000000000
160.00000000000000000000000000000
160.00000000000000000000000000000
80.000000000000000000000000000000
1020.0000000000000000000000000000
120.00000000000000000000000000000
800.00000000000000000000000000000
160.00000000000000000000000000000
160.00000000000000000000000000000
160.00000000000000000000000000000
1300.0000000000000000000000000000
330.00000000000000000000000000000
120.00000000000000000000000000000
660.00000000000000000000000000000
160.00000000000000000000000000000
160.00000000000000000000000000000
200.00000000000000000000000000000
160.00000000000000000000000000000
120.00000000000000000000000000000
200.00000000000000000000000000000
200.00000000000000000000000000000
700.00000000000000000000000000000
960.00000000000000000000000000000
80.000000000000000000000000000000
450.00000000000000000000000000000
450.00000000000000000000000000000
1030.0000000000000000000000000000
160.00000000000000000000000000000
120.00000000000000000000000000000
170.00000000000000000000000000000
200.00000000000000000000000000000
1160.0000000000000000000000000000
120.00000000000000000000000000000
160.00000000000000000000000000000
340.00000000000000000000000000000
830.00000000000000000000000000000
120.00000000000000000000000000000
630.00000000000000000000000000000
510.00000000000000000000000000000
160.00000000000000000000000000000
200.00000000000000000000000000000
2080.0000000000000000000000000000
1540.0000000000000000000000000000
2100.0000000000000000000000000000
170.00000000000000000000000000000
920.00000000000000000000000000000
660.00000000000000000000000000000
460.00000000000000000000000000000
620.00000000000000000000000000000
700.00000000000000000000000000000
490.00000000000000000000000000000
290.00000000000000000000000000000
597.00000000000000000000000000000
160.00000000000000000000000000000
830.00000000000000000000000000000
70.000000000000000000000000000000
1250.0000000000000000000000000000
590.00000000000000000000000000000
200.00000000000000000000000000000
260.00000000000000000000000000000
170.00000000000000000000000000000
1010.0000000000000000000000000000
70.000000000000000000000000000000
610.00000000000000000000000000000
580.00000000000000000000000000000
1050.0000000000000000000000000000
810.00000000000000000000000000000
120.00000000000000000000000000000
130.00000000000000000000000000000
170.00000000000000000000000000000
130.00000000000000000000000000000
920.00000000000000000000000000000
160.00000000000000000000000000000
470.00000000000000000000000000000
160.00000000000000000000000000000
420.00000000000000000000000000000
2120.0000000000000000000000000000
170.00000000000000000000000000000
1500.0000000000000000000000000000
250.00000000000000000000000000000
330.00000000000000000000000000000
490.00000000000000000000000000000
1270.0000000000000000000000000000
166.00000000000000000000000000000
640.00000000000000000000000000000
300.00000000000000000000000000000
120.00000000000000000000000000000
540.00000000000000000000000000000
120.00000000000000000000000000000
1600.0000000000000000000000000000
1940.0000000000000000000000000000
320.00000000000000000000000000000
160.00000000000000000000000000000
160.00000000000000000000000000000
160.00000000000000000000000000000
120.00000000000000000000000000000
1130.0000000000000000000000000000
300.00000000000000000000000000000
830.00000000000000000000000000000
1000.0000000000000000000000000000
430.00000000000000000000000000000
120.00000000000000000000000000000
630.00000000000000000000000000000
330.00000000000000000000000000000
160.00000000000000000000000000000
340.00000000000000000000000000000
120.00000000000000000000000000000
1102.0000000000000000000000000000
130.00000000000000000000000000000
676.00000000000000000000000000000
590.00000000000000000000000000000
410.00000000000000000000000000000
1100.0000000000000000000000000000
120.00000000000000000000000000000
380.00000000000000000000000000000
1130.0000000000000000000000000000
580.00000000000000000000000000000
200.00000000000000000000000000000
960.00000000000000000000000000000
460.00000000000000000000000000000
500.00000000000000000000000000000
290.00000000000000000000000000000
200.00000000000000000000000000000
460.00000000000000000000000000000
830.00000000000000000000000000000
290.00000000000000000000000000000
130.00000000000000000000000000000
930.00000000000000000000000000000
200.00000000000000000000000000000
750.00000000000000000000000000000
330.00000000000000000000000000000
130.00000000000000000000000000000
660.00000000000000000000000000000
170.00000000000000000000000000000
160.00000000000000000000000000000
120.00000000000000000000000000000
1460.0000000000000000000000000000
1430.0000000000000000000000000000
1100.0000000000000000000000000000
1340.0000000000000000000000000000
168.00000000000000000000000000000
370.00000000000000000000000000000
550.00000000000000000000000000000
70.000000000000000000000000000000
540.00000000000000000000000000000
490.00000000000000000000000000000
120.00000000000000000000000000000
880.00000000000000000000000000000
630.00000000000000000000000000000
420.00000000000000000000000000000
660.00000000000000000000000000000
340.00000000000000000000000000000
600.00000000000000000000000000000
160.00000000000000000000000000000
120.00000000000000000000000000000
3830.0000000000000000000000000000
1210.0000000000000000000000000000
1090.0000000000000000000000000000
1760.0000000000000000000000000000
1160.0000000000000000000000000000
1446.0000000000000000000000000000
1521.0000000000000000000000000000
120.00000000000000000000000000000
170.00000000000000000000000000000
120.00000000000000000000000000000
120.00000000000000000000000000000
580.00000000000000000000000000000
80.000000000000000000000000000000
330.00000000000000000000000000000
630.00000000000000000000000000000
500.00000000000000000000000000000
160.00000000000000000000000000000
790.00000000000000000000000000000
679.00000000000000000000000000000
170.00000000000000000000000000000
610.00000000000000000000000000000
220.00000000000000000000000000000
1160.0000000000000000000000000000
120.00000000000000000000000000000
1220.0000000000000000000000000000
1766.0000000000000000000000000000
160.00000000000000000000000000000
130.00000000000000000000000000000
320.00000000000000000000000000000
327.00000000000000000000000000000
105.00000000000000000000000000000
740.00000000000000000000000000000
160.00000000000000000000000000000
960.00000000000000000000000000000
130.00000000000000000000000000000
220.00000000000000000000000000000
670.00000000000000000000000000000
200.00000000000000000000000000000
330.00000000000000000000000000000
160.00000000000000000000000000000
160.00000000000000000000000000000
160.00000000000000000000000000000
160.00000000000000000000000000000
160.00000000000000000000000000000
160.00000000000000000000000000000
1240.0000000000000000000000000000
335.00000000000000000000000000000
1605.0000000000000000000000000000
119.00000000000000000000000000000
1126.0000000000000000000000000000
1295.0000000000000000000000000000
673.00000000000000000000000000000
140.00000000000000000000000000000
731.00000000000000000000000000000
700.00000000000000000000000000000
126.00000000000000000000000000000
163.00000000000000000000000000000
1128.0000000000000000000000000000
160.00000000000000000000000000000
596.00000000000000000000000000000
493.00000000000000000000000000000
632.00000000000000000000000000000
590.00000000000000000000000000000
343.00000000000000000000000000000
160.00000000000000000000000000000
118.00000000000000000000000000000
2071.0000000000000000000000000000
500.00000000000000000000000000000
792.00000000000000000000000000000
168.00000000000000000000000000000
120.00000000000000000000000000000
924.00000000000000000000000000000
330.00000000000000000000000000000
50.000000000000000000000000000000
1116.0000000000000000000000000000
1690.0000000000000000000000000000
907.00000000000000000000000000000
2346.0000000000000000000000000000
893.00000000000000000000000000000
620.00000000000000000000000000000
470.00000000000000000000000000000
122.00000000000000000000000000000
3184.0000000000000000000000000000
647.00000000000000000000000000000
158.00000000000000000000000000000
995.00000000000000000000000000000
1800.0000000000000000000000000000
1745.0000000000000000000000000000
1721.0000000000000000000000000000
963.00000000000000000000000000000
330.00000000000000000000000000000
1095.0000000000000000000000000000
200.00000000000000000000000000000
763.00000000000000000000000000000
1516.0000000000000000000000000000
2195.0000000000000000000000000000
1065.0000000000000000000000000000
743.00000000000000000000000000000
1302.0000000000000000000000000000
249.00000000000000000000000000000
840.00000000000000000000000000000
200.00000000000000000000000000000
160.00000000000000000000000000000
530.00000000000000000000000000000
790.00000000000000000000000000000
160.00000000000000000000000000000
288.00000000000000000000000000000
1440.0000000000000000000000000000
1130.0000000000000000000000000000
1887.0000000000000000000000000000
660.00000000000000000000000000000
420.00000000000000000000000000000
1259.0000000000000000000000000000
1590.0000000000000000000000000000
207.00000000000000000000000000000
3529.0000000000000000000000000000
920.00000000000000000000000000000
486.00000000000000000000000000000
1812.0000000000000000000000000000
1184.0000000000000000000000000000
1337.0000000000000000000000000000
120.00000000000000000000000000000
166.00000000000000000000000000000
110.00000000000000000000000000000
2304.0000000000000000000000000000
170.00000000000000000000000000000
760.00000000000000000000000000000
160.00000000000000000000000000000
1430.0000000000000000000000000000
330.00000000000000000000000000000
160.00000000000000000000000000000
995.00000000000000000000000000000
666.00000000000000000000000000000
880.00000000000000000000000000000
750.00000000000000000000000000000
207.00000000000000000000000000000
1470.0000000000000000000000000000
1050.0000000000000000000000000000
746.00000000000000000000000000000
160.00000000000000000000000000000
166.00000000000000000000000000000
125.00000000000000000000000000000
330.00000000000000000000000000000
160.00000000000000000000000000000
125.00000000000000000000000000000
172.00000000000000000000000000000
626.00000000000000000000000000000
160.00000000000000000000000000000
420.00000000000000000000000000000
210.00000000000000000000000000000
627.00000000000000000000000000000
280.00000000000000000000000000000
1638.0000000000000000000000000000
160.00000000000000000000000000000
1060.0000000000000000000000000000
708.00000000000000000000000000000
556.00000000000000000000000000000
1000.0000000000000000000000000000
1456.0000000000000000000000000000
920.00000000000000000000000000000
625.00000000000000000000000000000
910.00000000000000000000000000000
115.00000000000000000000000000000
3507.0000000000000000000000000000
1958.0000000000000000000000000000
107.00000000000000000000000000000
762.00000000000000000000000000000
77.000000000000000000000000000000
670.00000000000000000000000000000
121.00000000000000000000000000000
460.00000000000000000000000000000
930.00000000000000000000000000000
767.00000000000000000000000000000
501.00000000000000000000000000000
120.00000000000000000000000000000
510.00000000000000000000000000000
118.00000000000000000000000000000
1170.0000000000000000000000000000
1485.0000000000000000000000000000
125.00000000000000000000000000000
164.00000000000000000000000000000
1010.0000000000000000000000000000
1795.0000000000000000000000000000
320.00000000000000000000000000000
161.00000000000000000000000000000
294.00000000000000000000000000000
165.00000000000000000000000000000
970.00000000000000000000000000000
460.00000000000000000000000000000
500.00000000000000000000000000000
590.00000000000000000000000000000
160.00000000000000000000000000000
80.000000000000000000000000000000
240.00000000000000000000000000000
336.00000000000000000000000000000
1890.0000000000000000000000000000
1270.0000000000000000000000000000
1207.0000000000000000000000000000
460.00000000000000000000000000000
540.00000000000000000000000000000
1250.0000000000000000000000000000
200.00000000000000000000000000000
660.00000000000000000000000000000
125.00000000000000000000000000000
660.00000000000000000000000000000
370.00000000000000000000000000000
170.00000000000000000000000000000
118.00000000000000000000000000000
161.00000000000000000000000000000
490.00000000000000000000000000000
620.00000000000000000000000000000
2480.0000000000000000000000000000
1300.0000000000000000000000000000
630.00000000000000000000000000000
160.00000000000000000000000000000
170.00000000000000000000000000000
120.00000000000000000000000000000
160.00000000000000000000000000000
630.00000000000000000000000000000
120.00000000000000000000000000000
1710.0000000000000000000000000000
660.00000000000000000000000000000
690.00000000000000000000000000000
120.00000000000000000000000000000
2180.0000000000000000000000000000
620.00000000000000000000000000000
630.00000000000000000000000000000
156.00000000000000000000000000000
128.00000000000000000000000000000
1526.0000000000000000000000000000
340.00000000000000000000000000000
630.00000000000000000000000000000
790.00000000000000000000000000000
960.00000000000000000000000000000
170.00000000000000000000000000000
160.00000000000000000000000000000
290.00000000000000000000000000000
630.00000000000000000000000000000
167.00000000000000000000000000000
806.00000000000000000000000000000
120.00000000000000000000000000000
760.00000000000000000000000000000
449.00000000000000000000000000000
163.00000000000000000000000000000
395.00000000000000000000000000000
647.00000000000000000000000000000
124.00000000000000000000000000000
116.00000000000000000000000000000
882.00000000000000000000000000000
720.00000000000000000000000000000
510.00000000000000000000000000000
286.00000000000000000000000000000
126.00000000000000000000000000000
200.00000000000000000000000000000
120.00000000000000000000000000000
629.00000000000000000000000000000
1155.0000000000000000000000000000
125.00000000000000000000000000000
245.00000000000000000000000000000
220.00000000000000000000000000000
165.00000000000000000000000000000
800.00000000000000000000000000000
130.00000000000000000000000000000
170.00000000000000000000000000000
158.00000000000000000000000000000
160.00000000000000000000000000000
165.00000000000000000000000000000
160.00000000000000000000000000000
165.00000000000000000000000000000
1010.0000000000000000000000000000
889.00000000000000000000000000000
620.00000000000000000000000000000
166.00000000000000000000000000000
160.00000000000000000000000000000
286.00000000000000000000000000000
205.00000000000000000000000000000
1216.0000000000000000000000000000
964.00000000000000000000000000000
1119.0000000000000000000000000000
134.00000000000000000000000000000
467.00000000000000000000000000000
1324.0000000000000000000000000000
160.00000000000000000000000000000
150.00000000000000000000000000000
316.00000000000000000000000000000
120.00000000000000000000000000000
180.00000000000000000000000000000
499.00000000000000000000000000000
680.00000000000000000000000000000
159.00000000000000000000000000000
1603.0000000000000000000000000000
160.00000000000000000000000000000
168.00000000000000000000000000000
160.00000000000000000000000000000
760.00000000000000000000000000000
1798.0000000000000000000000000000
630.00000000000000000000000000000
170.00000000000000000000000000000
620.00000000000000000000000000000
1930.0000000000000000000000000000
1290.0000000000000000000000000000
200.00000000000000000000000000000
795.00000000000000000000000000000
1033.0000000000000000000000000000
457.00000000000000000000000000000
160.00000000000000000000000000000
1700.0000000000000000000000000000
290.00000000000000000000000000000
585.00000000000000000000000000000
760.00000000000000000000000000000
75.000000000000000000000000000000
623.00000000000000000000000000000
106.00000000000000000000000000000
72.000000000000000000000000000000
241.00000000000000000000000000000
360.00000000000000000000000000000
423.00000000000000000000000000000
160.00000000000000000000000000000
120.00000000000000000000000000000
365.00000000000000000000000000000
463.00000000000000000000000000000
170.00000000000000000000000000000
385.00000000000000000000000000000
407.00000000000000000000000000000
160.00000000000000000000000000000
787.00000000000000000000000000000
466.00000000000000000000000000000
126.00000000000000000000000000000
1944.0000000000000000000000000000
407.00000000000000000000000000000
1040.0000000000000000000000000000
126.00000000000000000000000000000
211.00000000000000000000000000000
460.00000000000000000000000000000
960.00000000000000000000000000000
939.00000000000000000000000000000
589.00000000000000000000000000000
630.00000000000000000000000000000
112.00000000000000000000000000000
645.00000000000000000000000000000
120.00000000000000000000000000000
130.00000000000000000000000000000
430.00000000000000000000000000000
998.00000000000000000000000000000
510.00000000000000000000000000000
121.00000000000000000000000000000
465.00000000000000000000000000000
936.00000000000000000000000000000
70.000000000000000000000000000000
395.00000000000000000000000000000
625.00000000000000000000000000000
1227.0000000000000000000000000000
1160.0000000000000000000000000000
500.00000000000000000000000000000
2230.0000000000000000000000000000
165.00000000000000000000000000000
292.00000000000000000000000000000
205.00000000000000000000000000000
110.00000000000000000000000000000
645.00000000000000000000000000000
1730.0000000000000000000000000000
826.00000000000000000000000000000
950.00000000000000000000000000000
297.00000000000000000000000000000
380.00000000000000000000000000000
1730.0000000000000000000000000000
120.00000000000000000000000000000
827.00000000000000000000000000000
710.00000000000000000000000000000
259.00000000000000000000000000000
460.00000000000000000000000000000
927.00000000000000000000000000000
200.00000000000000000000000000000
290.00000000000000000000000000000
670.00000000000000000000000000000
539.00000000000000000000000000000
790.00000000000000000000000000000
1960.0000000000000000000000000000
300.00000000000000000000000000000
328.00000000000000000000000000000
795.00000000000000000000000000000
540.00000000000000000000000000000
290.00000000000000000000000000000
1986.0000000000000000000000000000
1042.0000000000000000000000000000
200.00000000000000000000000000000
280.00000000000000000000000000000
538.00000000000000000000000000000
162.00000000000000000000000000000
130.00000000000000000000000000000
160.00000000000000000000000000000
290.00000000000000000000000000000
590.00000000000000000000000000000
969.00000000000000000000000000000
107.00000000000000000000000000000
1016.0000000000000000000000000000
2660.0000000000000000000000000000
1214.0000000000000000000000000000
1776.0000000000000000000000000000
1500.0000000000000000000000000000
930.00000000000000000000000000000
120.00000000000000000000000000000
470.00000000000000000000000000000
165.00000000000000000000000000000
830.00000000000000000000000000000
160.00000000000000000000000000000
160.00000000000000000000000000000
115.00000000000000000000000000000
545.00000000000000000000000000000
157.00000000000000000000000000000
960.00000000000000000000000000000
938.00000000000000000000000000000
620.00000000000000000000000000000
530.00000000000000000000000000000
425.00000000000000000000000000000
970.00000000000000000000000000000
915.00000000000000000000000000000
160.00000000000000000000000000000
980.00000000000000000000000000000
1165.0000000000000000000000000000
1760.0000000000000000000000000000
995.00000000000000000000000000000
930.00000000000000000000000000000
2290.0000000000000000000000000000
370.00000000000000000000000000000
660.00000000000000000000000000000
460.00000000000000000000000000000
167.00000000000000000000000000000
129.00000000000000000000000000000
460.00000000000000000000000000000
970.00000000000000000000000000000
290.00000000000000000000000000000
667.00000000000000000000000000000
156.00000000000000000000000000000
208.00000000000000000000000000000
277.00000000000000000000000000000
158.00000000000000000000000000000
1271.0000000000000000000000000000
130.00000000000000000000000000000
197.00000000000000000000000000000
1270.0000000000000000000000000000
660.00000000000000000000000000000
1462.0000000000000000000000000000
490.00000000000000000000000000000
207.00000000000000000000000000000
160.00000000000000000000000000000
156.00000000000000000000000000000
799.00000000000000000000000000000
490.00000000000000000000000000000
196.00000000000000000000000000000
160.00000000000000000000000000000
165.00000000000000000000000000000
299.00000000000000000000000000000
630.00000000000000000000000000000
160.00000000000000000000000000000
120.00000000000000000000000000000
1130.0000000000000000000000000000
668.00000000000000000000000000000
160.00000000000000000000000000000
170.00000000000000000000000000000
160.00000000000000000000000000000
436.00000000000000000000000000000
120.00000000000000000000000000000
160.00000000000000000000000000000
920.00000000000000000000000000000
1650.0000000000000000000000000000
1719.0000000000000000000000000000
80.000000000000000000000000000000
997.00000000000000000000000000000
1090.0000000000000000000000000000
1000.0000000000000000000000000000
171.00000000000000000000000000000
290.00000000000000000000000000000
800.00000000000000000000000000000
80.000000000000000000000000000000
170.00000000000000000000000000000
1760.0000000000000000000000000000
368.00000000000000000000000000000
1059.0000000000000000000000000000
133.00000000000000000000000000000
500.00000000000000000000000000000
120.00000000000000000000000000000
160.00000000000000000000000000000
758.00000000000000000000000000000
496.00000000000000000000000000000
160.00000000000000000000000000000
1000.0000000000000000000000000000
1090.0000000000000000000000000000
790.00000000000000000000000000000
160.00000000000000000000000000000
125.00000000000000000000000000000
1280.0000000000000000000000000000
160.00000000000000000000000000000
168.00000000000000000000000000000
285.00000000000000000000000000000
1770.0000000000000000000000000000
790.00000000000000000000000000000
160.00000000000000000000000000000
160.00000000000000000000000000000
1380.0000000000000000000000000000
1080.0000000000000000000000000000
330.00000000000000000000000000000
1423.0000000000000000000000000000
165.00000000000000000000000000000
630.00000000000000000000000000000
120.00000000000000000000000000000
172.00000000000000000000000000000
1390.0000000000000000000000000000
170.00000000000000000000000000000
287.00000000000000000000000000000
500.00000000000000000000000000000
460.00000000000000000000000000000
160.00000000000000000000000000000
172.00000000000000000000000000000
958.00000000000000000000000000000
160.00000000000000000000000000000
600.00000000000000000000000000000
165.00000000000000000000000000000
536.00000000000000000000000000000
1120.0000000000000000000000000000
200.00000000000000000000000000000
630.00000000000000000000000000000
1395.0000000000000000000000000000
330.00000000000000000000000000000
300.00000000000000000000000000000
163.00000000000000000000000000000
1090.0000000000000000000000000000
1306.0000000000000000000000000000
115.00000000000000000000000000000
178.00000000000000000000000000000
926.00000000000000000000000000000
160.00000000000000000000000000000
426.00000000000000000000000000000
168.00000000000000000000000000000
130.00000000000000000000000000000
155.00000000000000000000000000000
170.00000000000000000000000000000
207.00000000000000000000000000000
580.00000000000000000000000000000
170.00000000000000000000000000000
660.00000000000000000000000000000
160.00000000000000000000000000000
160.00000000000000000000000000000
165.00000000000000000000000000000
160.00000000000000000000000000000
327.00000000000000000000000000000
1130.0000000000000000000000000000
1094.0000000000000000000000000000
629.00000000000000000000000000000
168.00000000000000000000000000000
327.00000000000000000000000000000
325.00000000000000000000000000000
675.00000000000000000000000000000
160.00000000000000000000000000000
130.00000000000000000000000000000
118.00000000000000000000000000000
2680.0000000000000000000000000000
122.00000000000000000000000000000
900.00000000000000000000000000000
920.00000000000000000000000000000
626.00000000000000000000000000000
606.00000000000000000000000000000
1040.0000000000000000000000000000
70.000000000000000000000000000000
205.00000000000000000000000000000
300.00000000000000000000000000000
588.00000000000000000000000000000
160.00000000000000000000000000000
638.00000000000000000000000000000
160.00000000000000000000000000000
700.00000000000000000000000000000
131.00000000000000000000000000000
290.00000000000000000000000000000
171.00000000000000000000000000000
160.00000000000000000000000000000
205.00000000000000000000000000000
526.00000000000000000000000000000
117.00000000000000000000000000000
2870.0000000000000000000000000000
2130.0000000000000000000000000000
1517.0000000000000000000000000000
1000.0000000000000000000000000000
170.00000000000000000000000000000
1025.0000000000000000000000000000
164.00000000000000000000000000000
160.00000000000000000000000000000
160.00000000000000000000000000000
4610.0000000000000000000000000000
1427.0000000000000000000000000000
4760.0000000000000000000000000000
1460.0000000000000000000000000000
2110.0000000000000000000000000000
1210.0000000000000000000000000000
170.00000000000000000000000000000
285.00000000000000000000000000000
2045.0000000000000000000000000000
2290.0000000000000000000000000000
157.00000000000000000000000000000
300.00000000000000000000000000000
1700.0000000000000000000000000000
130.00000000000000000000000000000
360.00000000000000000000000000000
120.00000000000000000000000000000
370.00000000000000000000000000000
2388.0000000000000000000000000000
530.00000000000000000000000000000
330.00000000000000000000000000000
163.00000000000000000000000000000
159.00000000000000000000000000000
130.00000000000000000000000000000
3030.0000000000000000000000000000
120.00000000000000000000000000000
203.00000000000000000000000000000
125.00000000000000000000000000000
2580.0000000000000000000000000000
1170.0000000000000000000000000000
530.00000000000000000000000000000
970.00000000000000000000000000000
157.00000000000000000000000000000
500.00000000000000000000000000000
673.00000000000000000000000000000
590.00000000000000000000000000000
160.00000000000000000000000000000
840.00000000000000000000000000000
170.00000000000000000000000000000
1690.0000000000000000000000000000
885.00000000000000000000000000000
170.00000000000000000000000000000
625.00000000000000000000000000000
119.00000000000000000000000000000
640.00000000000000000000000000000
1390.0000000000000000000000000000
1178.0000000000000000000000000000
410.00000000000000000000000000000
800.00000000000000000000000000000
114.00000000000000000000000000000
1140.0000000000000000000000000000
425.00000000000000000000000000000
2662.0000000000000000000000000000
460.00000000000000000000000000000
230.00000000000000000000000000000
115.00000000000000000000000000000
1010.0000000000000000000000000000
120.00000000000000000000000000000
620.00000000000000000000000000000
705.00000000000000000000000000000
116.00000000000000000000000000000
460.00000000000000000000000000000
760.00000000000000000000000000000
169.00000000000000000000000000000
1259.0000000000000000000000000000
200.00000000000000000000000000000
160.00000000000000000000000000000
125.00000000000000000000000000000
655.00000000000000000000000000000
160.00000000000000000000000000000
70.000000000000000000000000000000
700.00000000000000000000000000000
460.00000000000000000000000000000
1425.0000000000000000000000000000
1228.0000000000000000000000000000
170.00000000000000000000000000000
160.00000000000000000000000000000
950.00000000000000000000000000000
332.00000000000000000000000000000
130.00000000000000000000000000000
338.00000000000000000000000000000
461.00000000000000000000000000000
127.00000000000000000000000000000
130.00000000000000000000000000000
171.00000000000000000000000000000
110.00000000000000000000000000000
175.00000000000000000000000000000
165.00000000000000000000000000000
160.00000000000000000000000000000
1165.0000000000000000000000000000
560.00000000000000000000000000000
960.00000000000000000000000000000
968.00000000000000000000000000000
620.00000000000000000000000000000
465.00000000000000000000000000000
360.00000000000000000000000000000
670.00000000000000000000000000000
125.00000000000000000000000000000
120.00000000000000000000000000000
1895.0000000000000000000000000000
130.00000000000000000000000000000
160.00000000000000000000000000000
300.00000000000000000000000000000
170.00000000000000000000000000000
790.00000000000000000000000000000
170.00000000000000000000000000000
590.00000000000000000000000000000
2230.0000000000000000000000000000
90.000000000000000000000000000000
1100.0000000000000000000000000000
1376.0000000000000000000000000000
127.00000000000000000000000000000
288.00000000000000000000000000000
172.00000000000000000000000000000
80.000000000000000000000000000000
124.00000000000000000000000000000
