0.0071972310543060302734375000000000
0.0084253381937742233276367187500000
0.0086949216201901435852050781250000
0.0085181463509798049926757812500000
0.0096160508692264556884765625000000
0.0051158485002815723419189453125000
0.0074406228959560394287109375000000
0.0070455074310302734375000000000000
0.0072153545916080474853515625000000
0.0079942904412746429443359375000000
0.0068602184765040874481201171875000
0.0063737519085407257080078125000000
0.0066666826605796813964843750000000
0.0062585230916738510131835937500000
0.0063658547587692737579345703125000
0.0083948187530040740966796875000000
0.0091093676164746284484863281250000
0.0075158020481467247009277343750000
0.0086902678012847900390625000000000
0.0049890186637639999389648437500000
0.0059073166921734809875488281250000
0.0061764349229633808135986328125000
0.013879358768463134765625000000000
0.012321203015744686126708984375000
0.012518914416432380676269531250000
0.0054902378469705581665039062500000
0.010185292921960353851318359375000
0.010211437940597534179687500000000
0.011024743318557739257812500000000
0.015198992565274238586425781250000
0.014784849248826503753662109375000
0.013692520558834075927734375000000
0.013553621247410774230957031250000
0.024290582165122032165527343750000
0.025683717802166938781738281250000
0.025796718895435333251953125000000
0.010774238966405391693115234375000
0.010188895277678966522216796875000
0.010715691372752189636230468750000
0.015474135987460613250732421875000
0.013901771977543830871582031250000
0.014006122946739196777343750000000
0.016468867659568786621093750000000
0.0010054426966235041618347167968750
0.0046079382300376892089843750000000
0.0074943988583981990814208984375000
0.0065714498050510883331298828125000
0.013983644545078277587890625000000
0.019259063526988029479980468750000
0.013881356455385684967041015625000
0.015150721184909343719482421875000
0.018601894378662109375000000000000
0.018806263804435729980468750000000
0.018801461905241012573242187500000
0.018926803022623062133789062500000
0.0047258962877094745635986328125000
0.031131869181990623474121093750000
0.023888299241662025451660156250000
0.023252751678228378295898437500000
0.022475760430097579956054687500000
0.017787864431738853454589843750000
0.020950455218553543090820312500000
0.019246669486165046691894531250000
0.019630668684840202331542968750000
0.020742053166031837463378906250000
0.020800514146685600280761718750000
0.021901791915297508239746093750000
0.021964043378829956054687500000000
0.021842066198587417602539062500000
0.017782179638743400573730468750000
0.019888155162334442138671875000000
0.019438426941633224487304687500000
0.020978160202503204345703125000000
0.022549236193299293518066406250000
0.021874759346246719360351562500000
0.019882442429661750793457031250000
0.020748347043991088867187500000000
0.022925775498151779174804687500000
0.019097123295068740844726562500000
0.020945243537425994873046875000000
0.013649038039147853851318359375000
0.019114384427666664123535156250000
0.018378952518105506896972656250000
0.018481139093637466430664062500000
0.019325720146298408508300781250000
0.014640726149082183837890625000000
0.015165336430072784423828125000000
0.016950655728578567504882812500000
0.017147468402981758117675781250000
0.014180261641740798950195312500000
0.025163779035210609436035156250000
0.023492678999900817871093750000000
0.023915847763419151306152343750000
0.021652700379490852355957031250000
0.019043412059545516967773437500000
0.020826186984777450561523437500000
0.021565111353993415832519531250000
0.021366994827985763549804687500000
0.020451352000236511230468750000000
0.021899744868278503417968750000000
0.022627666592597961425781250000000
0.026935854926705360412597656250000
0.030167529359459877014160156250000
0.026777863502502441406250000000000
0.025010474026203155517578125000000
0.019816439598798751831054687500000
0.021777823567390441894531250000000
0.012984966859221458435058593750000
0.010359452106058597564697265625000
0.010075843892991542816162109375000
0.0092404726892709732055664062500000
0.0075632384978234767913818359375000
0.021083848550915718078613281250000
0.018982404842972755432128906250000
0.019949370995163917541503906250000
0.021826241165399551391601562500000
0.013752632774412631988525390625000
0.014215894043445587158203125000000
0.014254072681069374084472656250000
0.0055755218490958213806152343750000
0.019031338393688201904296875000000
0.038978919386863708496093750000000
0.028846502304077148437500000000000
0.029394835233688354492187500000000
0.027391230687499046325683593750000
0.026949483901262283325195312500000
0.028111381456255912780761718750000
0.016984662041068077087402343750000
0.015343766659498214721679687500000
0.014776584692299365997314453125000
0.014664587564766407012939453125000
0.015221317298710346221923828125000
0.013739382848143577575683593750000
0.013469320721924304962158203125000
0.012869899161159992218017578125000
0.013900108635425567626953125000000
0.013979662209749221801757812500000
0.0089666564017534255981445312500000
0.013946764171123504638671875000000
0.0073702856898307800292968750000000
0.021493555977940559387207031250000
0.022005999460816383361816406250000
0.034011486917734146118164062500000
0.033598408102989196777343750000000
0.035695344209671020507812500000000
0.034052960574626922607421875000000
0.023185141384601593017578125000000
0.030804688110947608947753906250000
0.029335584491491317749023437500000
0.032870054244995117187500000000000
0.042729068547487258911132812500000
0.025684446096420288085937500000000
0.023152645677328109741210937500000
0.024899365380406379699707031250000
0.014531380496919155120849609375000
0.014723212458193302154541015625000
0.015461927279829978942871093750000
0.023616801947355270385742187500000
0.0034712217748165130615234375000000
0.0033668440300971269607543945312500
0.0033929343335330486297607421875000
0.0085258679464459419250488281250000
0.0075589721091091632843017578125000
0.0089079318568110466003417968750000
0.0088189728558063507080078125000000
0.0077017634175717830657958984375000
0.014650507830083370208740234375000
0.020272092893719673156738281250000
0.020851260051131248474121093750000
0.021062066778540611267089843750000
0.024509599432349205017089843750000
0.024687886238098144531250000000000
0.024381078779697418212890625000000
0.026393475010991096496582031250000
0.027457648888230323791503906250000
0.023630201816558837890625000000000
0.026474770158529281616210937500000
0.026329619809985160827636718750000
0.024087756872177124023437500000000
0.028486263006925582885742187500000
0.030492190271615982055664062500000
0.029907118529081344604492187500000
0.027188690379261970520019531250000
0.026727505028247833251953125000000
0.013419761322438716888427734375000
0.012619631364941596984863281250000
0.011742381379008293151855468750000
0.013896571472287178039550781250000
0.014938128180801868438720703125000
0.027485985308885574340820312500000
0.032570570707321166992187500000000
0.029267571866512298583984375000000
0.031865354627370834350585937500000
0.031486395746469497680664062500000
0.029956452548503875732421875000000
0.029067723080515861511230468750000
0.027862347662448883056640625000000
0.027512256056070327758789062500000
0.021838985383510589599609375000000
0.022245651111006736755371093750000
0.015677122399210929870605468750000
0.032319661229848861694335937500000
0.028844576328992843627929687500000
0.038871221244335174560546875000000
0.039074420928955078125000000000000
0.039212744683027267456054687500000
0.041328348219394683837890625000000
0.016853541135787963867187500000000
0.027371184900403022766113281250000
0.027408486232161521911621093750000
0.027048056945204734802246093750000
0.020009098574519157409667968750000
0.020360445603728294372558593750000
0.012126731686294078826904296875000
0.0063132429495453834533691406250000
0.00022346150944940745830535888671875
0.0019333497621119022369384765625000
0.0023764709476381540298461914062500
7.8414850577246397733688354492188e-05
0.0078153312206268310546875000000000
0.0085271149873733520507812500000000
0.0084810825064778327941894531250000
0.0055586840026080608367919921875000
0.0061729624867439270019531250000000
0.0095590222626924514770507812500000
0.0052999011240899562835693359375000
0.0055230031721293926239013671875000
0.0056664198637008666992187500000000
0.0056122844107449054718017578125000
0.0057121873833239078521728515625000
0.0058808545581996440887451171875000
0.0056337439455091953277587890625000
0.0059193540364503860473632812500000
0.0056618154048919677734375000000000
0.0055186212994158267974853515625000
0.012886646203696727752685546875000
0.017499126493930816650390625000000
0.019305398687720298767089843750000
0.019816979765892028808593750000000
0.020110702142119407653808593750000
0.020068002864718437194824218750000
0.019355501979589462280273437500000
0.019280487671494483947753906250000
0.019768657162785530090332031250000
0.013324082829058170318603515625000
0.011994934640824794769287109375000
0.013112311251461505889892578125000
0.0088744992390275001525878906250000
0.016263842582702636718750000000000
0.010884566232562065124511718750000
0.014073909260332584381103515625000
0.014040159061551094055175781250000
0.0046959733590483665466308593750000
0.0034842372406274080276489257812500
0.0044008069671690464019775390625000
0.0024420847184956073760986328125000
0.0021215663291513919830322265625000
0.0018184125656262040138244628906250
0.0017550416523590683937072753906250
0.0091606508940458297729492187500000
0.012199820019304752349853515625000
0.010693551972508430480957031250000
0.0095231169834733009338378906250000
0.015341973863542079925537109375000
0.025317030027508735656738281250000
0.014959182590246200561523437500000
0.017023978754878044128417968750000
0.017100514844059944152832031250000
0.019561007618904113769531250000000
0.019817316904664039611816406250000
0.020550135523080825805664062500000
0.018417382612824440002441406250000
0.020951792597770690917968750000000
0.024216040968894958496093750000000
0.015096840448677539825439453125000
0.014690633863210678100585937500000
0.013469787314534187316894531250000
0.014369482174515724182128906250000
0.013388184830546379089355468750000
0.014389853924512863159179687500000
0.011514130048453807830810546875000
0.012078646570444107055664062500000
0.017994998022913932800292968750000
0.024696795269846916198730468750000
0.029104953631758689880371093750000
0.028301544487476348876953125000000
0.028951572254300117492675781250000
0.029841264709830284118652343750000
0.029177106916904449462890625000000
0.024567279964685440063476562500000
0.026889992877840995788574218750000
0.025879248976707458496093750000000
0.018311923369765281677246093750000
0.015924753621220588684082031250000
0.014231852255761623382568359375000
0.015251430682837963104248046875000
0.014033075422048568725585937500000
0.015381713397800922393798828125000
0.013178721070289611816406250000000
0.013971014879643917083740234375000
0.014000507071614265441894531250000
0.011381040327250957489013671875000
0.015033473260700702667236328125000
0.0073591987602412700653076171875000
0.0063553145155310630798339843750000
0.0020266261417418718338012695312500
0.010002275928854942321777343750000
0.010410686023533344268798828125000
0.0075195273384451866149902343750000
0.012493597343564033508300781250000
0.012267896905541419982910156250000
0.012455920688807964324951171875000
0.013317379169166088104248046875000
0.0096746608614921569824218750000000
0.0069138542748987674713134765625000
0.0066911689937114715576171875000000
0.0010688055772334337234497070312500
0.019224053248763084411621093750000
0.013273798860609531402587890625000
0.030462391674518585205078125000000
0.015262587927281856536865234375000
0.028777254745364189147949218750000
0.029128005728125572204589843750000
0.029023073613643646240234375000000
0.030667688697576522827148437500000
0.027523264288902282714843750000000
0.033774491399526596069335937500000
0.035894114524126052856445312500000
0.037032861262559890747070312500000
0.038718830794095993041992187500000
0.040393445640802383422851562500000
0.040440563112497329711914062500000
0.039717942476272583007812500000000
0.030217284336686134338378906250000
0.030269820243120193481445312500000
0.018216803669929504394531250000000
0.017231339588761329650878906250000
0.030482519418001174926757812500000
0.018899366259574890136718750000000
0.021112930029630661010742187500000
0.024579381570219993591308593750000
0.020491834729909896850585937500000
0.010897274129092693328857421875000
0.010815145447850227355957031250000
0.012850869446992874145507812500000
0.013076637871563434600830078125000
0.013661357574164867401123046875000
0.014103427529335021972656250000000
0.014463460072875022888183593750000
0.022578768432140350341796875000000
0.023113392293453216552734375000000
0.024019032716751098632812500000000
0.012670300900936126708984375000000
0.013602253980934619903564453125000
0.016204657033085823059082031250000
0.016899157315492630004882812500000
0.019816335290670394897460937500000
0.014345487579703330993652343750000
0.017867377027869224548339843750000
0.0084857502952218055725097656250000
0.020137602463364601135253906250000
0.021414684131741523742675781250000
0.022453159093856811523437500000000
0.024552039802074432373046875000000
0.023253444582223892211914062500000
0.020103836432099342346191406250000
0.019151782616972923278808593750000
0.032611597329378128051757812500000
0.032079748809337615966796875000000
0.028970131650567054748535156250000
0.017462179064750671386718750000000
0.016729727387428283691406250000000
0.017762845382094383239746093750000
0.011006871238350868225097656250000
0.020663874223828315734863281250000
0.020403480157256126403808593750000
0.020784111693501472473144531250000
0.019713906571269035339355468750000
0.020140595734119415283203125000000
0.020869005471467971801757812500000
0.022501407191157341003417968750000
0.0092627387493848800659179687500000
0.022918757051229476928710937500000
0.021783025935292243957519531250000
0.00093124661361798644065856933593750
0.0027467100881040096282958984375000
0.0020995133090764284133911132812500
0.018432702869176864624023437500000
0.018815647810697555541992187500000
0.018004598096013069152832031250000
0.017120672389864921569824218750000
0.015443172305822372436523437500000
0.015709163621068000793457031250000
0.015237336046993732452392578125000
0.016905162483453750610351562500000
0.019061475992202758789062500000000
0.020657489076256752014160156250000
0.0087181245908141136169433593750000
0.028431059792637825012207031250000
0.028149133548140525817871093750000
0.016465628519654273986816406250000
0.027317075058817863464355468750000
0.027284307405352592468261718750000
0.024977894499897956848144531250000
