100.00000000000000000000000000000 610.00000000000000000000000000000 0.0069668260402977466583251953125000
100.00000000000000000000000000000 710.00000000000000000000000000000 0.0068064709194004535675048828125000
100.00000000000000000000000000000 817.00000000000000000000000000000 0.0052299848757684230804443359375000
100.00000000000000000000000000000 917.00000000000000000000000000000 0.0057006119750440120697021484375000
100.00000000000000000000000000000 1017.0000000000000000000000000000 0.0043610399588942527770996093750000
100.00000000000000000000000000000 1117.0000000000000000000000000000 0.0055901459418237209320068359375000
100.00000000000000000000000000000 1217.0000000000000000000000000000 0.0058552492409944534301757812500000
100.00000000000000000000000000000 1313.0000000000000000000000000000 0.0064613623544573783874511718750000
100.00000000000000000000000000000 1413.0000000000000000000000000000 0.0048725306987762451171875000000000
100.00000000000000000000000000000 1513.0000000000000000000000000000 0.0053113056346774101257324218750000
100.00000000000000000000000000000 1615.0000000000000000000000000000 0.0043049771338701248168945312500000
100.00000000000000000000000000000 1712.0000000000000000000000000000 0.0041881008073687553405761718750000
100.00000000000000000000000000000 1912.0000000000000000000000000000 0.0061603202484548091888427734375000
100.00000000000000000000000000000 2014.0000000000000000000000000000 0.0068426667712628841400146484375000
100.00000000000000000000000000000 2118.0000000000000000000000000000 0.0041361963376402854919433593750000
100.00000000000000000000000000000 2218.0000000000000000000000000000 0.0058809015899896621704101562500000
100.00000000000000000000000000000 2318.0000000000000000000000000000 0.0048858709633350372314453125000000
100.00000000000000000000000000000 2418.0000000000000000000000000000 0.0043194484896957874298095703125000
100.00000000000000000000000000000 2514.0000000000000000000000000000 0.0055921631865203380584716796875000
100.00000000000000000000000000000 2614.0000000000000000000000000000 0.0057716807350516319274902343750000
100.00000000000000000000000000000 2714.0000000000000000000000000000 0.0048859021626412868499755859375000
100.00000000000000000000000000000 2814.0000000000000000000000000000 0.0047778971493244171142578125000000
100.00000000000000000000000000000 2914.0000000000000000000000000000 0.0037631518207490444183349609375000
100.00000000000000000000000000000 3016.0000000000000000000000000000 0.0056191766634583473205566406250000
100.00000000000000000000000000000 3214.0000000000000000000000000000 0.0060190646909177303314208984375000
100.00000000000000000000000000000 3311.0000000000000000000000000000 0.0055502732284367084503173828125000
100.00000000000000000000000000000 3411.0000000000000000000000000000 0.0064171492122113704681396484375000
100.00000000000000000000000000000 3512.0000000000000000000000000000 0.0055635073222219944000244140625000
100.00000000000000000000000000000 3610.0000000000000000000000000000 0.0041085900738835334777832031250000
100.00000000000000000000000000000 3819.0000000000000000000000000000 0.0070912619121372699737548828125000
100.00000000000000000000000000000 3919.0000000000000000000000000000 0.0073093008249998092651367187500000
100.00000000000000000000000000000 4019.0000000000000000000000000000 0.0040161162614822387695312500000000
123.00000000000000000000000000000 4142.0000000000000000000000000000 0.0085443370044231414794921875000000
100.00000000000000000000000000000 4212.0000000000000000000000000000 0.0055001121945679187774658203125000
100.00000000000000000000000000000 4312.0000000000000000000000000000 0.0057317409664392471313476562500000
100.00000000000000000000000000000 4412.0000000000000000000000000000 0.0054406556300818920135498046875000
100.00000000000000000000000000000 4512.0000000000000000000000000000 0.0059089111164212226867675781250000
100.00000000000000000000000000000 4614.0000000000000000000000000000 0.0052623469382524490356445312500000
100.00000000000000000000000000000 4714.0000000000000000000000000000 0.0043082991614937782287597656250000
100.00000000000000000000000000000 4810.0000000000000000000000000000 0.0049165789969265460968017578125000
100.00000000000000000000000000000 4910.0000000000000000000000000000 0.0056607243604958057403564453125000
100.00000000000000000000000000000 5010.0000000000000000000000000000 0.0054323254153132438659667968750000
100.00000000000000000000000000000 5110.0000000000000000000000000000 0.0051554106175899505615234375000000
100.00000000000000000000000000000 5210.0000000000000000000000000000 0.0042400863021612167358398437500000
100.00000000000000000000000000000 5310.0000000000000000000000000000 0.0046514319255948066711425781250000
100.00000000000000000000000000000 5410.0000000000000000000000000000 0.0035698697902262210845947265625000
100.00000000000000000000000000000 5510.0000000000000000000000000000 0.0060186944901943206787109375000000
100.00000000000000000000000000000 5610.0000000000000000000000000000 0.0094820531085133552551269531250000
