0 0 0
0.078233212232589721679687500000000 1 3
0.18906359374523162841796875000000 2 8
0.31759715080261230468750000000000 3 14
0.39116606116294860839843750000000 4 17
0.54445225000381469726562500000000 5 24
0.68454056978225708007812500000000 6 30
0.83936387300491333007812500000000 7 37
0.99747341871261596679687500000000 8 44
1.1115900278091430664062500000000 9 49
1.2060953378677368164062500000000 10 53
1.3690811395645141601562500000000 11 60
1.5255476236343383789062500000000 12 67
1.6168197393417358398437500000000 13 71
1.7211306095123291015625000000000 14 76
1.9055829048156738281250000000000 15 84
2.0927383899688720703125000000000 16 92
2.2004945278167724609375000000000 17 97
2.3665547370910644531250000000000 18 104
2.5180916786193847656250000000000 19 111
2.6990458965301513671875000000000 20 119
2.7903177738189697265625000000000 21 123
