100.00000000000000000000000000000 610.00000000000000000000000000000 0.0076731946319341659545898437500000
100.00000000000000000000000000000 710.00000000000000000000000000000 0.0054943268187344074249267578125000
100.00000000000000000000000000000 810.00000000000000000000000000000 0.0058906674385070800781250000000000
100.00000000000000000000000000000 910.00000000000000000000000000000 0.0059348172508180141448974609375000
100.00000000000000000000000000000 1010.0000000000000000000000000000 0.0053488607518374919891357421875000
100.00000000000000000000000000000 1110.0000000000000000000000000000 0.0039368439465761184692382812500000
100.00000000000000000000000000000 1210.0000000000000000000000000000 0.0074220276437699794769287109375000
100.00000000000000000000000000000 1310.0000000000000000000000000000 0.0050857355818152427673339843750000
100.00000000000000000000000000000 1410.0000000000000000000000000000 0.0054244622588157653808593750000000
100.00000000000000000000000000000 1510.0000000000000000000000000000 0.0036280709318816661834716796875000
100.00000000000000000000000000000 1610.0000000000000000000000000000 0.0042197629809379577636718750000000
100.00000000000000000000000000000 1710.0000000000000000000000000000 0.0046374895609915256500244140625000
100.00000000000000000000000000000 1810.0000000000000000000000000000 0.0066867866553366184234619140625000
100.00000000000000000000000000000 1910.0000000000000000000000000000 0.0054595582187175750732421875000000
100.00000000000000000000000000000 2010.0000000000000000000000000000 0.0059404275380074977874755859375000
100.00000000000000000000000000000 2210.0000000000000000000000000000 0.0067796395160257816314697265625000
100.00000000000000000000000000000 2310.0000000000000000000000000000 0.0058430940844118595123291015625000
100.00000000000000000000000000000 2410.0000000000000000000000000000 0.0056864898651838302612304687500000
100.00000000000000000000000000000 2510.0000000000000000000000000000 0.0051094349473714828491210937500000
100.00000000000000000000000000000 2610.0000000000000000000000000000 0.0077480110339820384979248046875000
100.00000000000000000000000000000 2710.0000000000000000000000000000 0.0066077299416065216064453125000000
100.00000000000000000000000000000 2810.0000000000000000000000000000 0.0059928190894424915313720703125000
100.00000000000000000000000000000 2910.0000000000000000000000000000 0.0074709239415824413299560546875000
100.00000000000000000000000000000 3010.0000000000000000000000000000 0.0065065156668424606323242187500000
100.00000000000000000000000000000 3110.0000000000000000000000000000 0.0062096770852804183959960937500000
100.00000000000000000000000000000 3310.0000000000000000000000000000 0.0066264737397432327270507812500000
100.00000000000000000000000000000 3410.0000000000000000000000000000 0.0053493129089474678039550781250000
100.00000000000000000000000000000 3510.0000000000000000000000000000 0.0065256324596703052520751953125000
100.00000000000000000000000000000 3610.0000000000000000000000000000 0.0097218938171863555908203125000000
100.00000000000000000000000000000 3710.0000000000000000000000000000 0.0071573816239833831787109375000000
100.00000000000000000000000000000 3810.0000000000000000000000000000 0.019620820879936218261718750000000
100.00000000000000000000000000000 3910.0000000000000000000000000000 0.0087889852002263069152832031250000
100.00000000000000000000000000000 4010.0000000000000000000000000000 0.010223460383713245391845703125000
100.00000000000000000000000000000 4110.0000000000000000000000000000 0.0086900051683187484741210937500000
100.00000000000000000000000000000 4210.0000000000000000000000000000 0.0073612127453088760375976562500000
100.00000000000000000000000000000 4310.0000000000000000000000000000 0.0064189336262643337249755859375000
100.00000000000000000000000000000 4410.0000000000000000000000000000 0.0062792003154754638671875000000000
100.00000000000000000000000000000 4510.0000000000000000000000000000 0.0064701987430453300476074218750000
100.00000000000000000000000000000 4710.0000000000000000000000000000 0.0057218475267291069030761718750000
100.00000000000000000000000000000 4810.0000000000000000000000000000 0.0055471546947956085205078125000000
100.00000000000000000000000000000 4910.0000000000000000000000000000 0.0057621058076620101928710937500000
100.00000000000000000000000000000 5010.0000000000000000000000000000 0.0043041249737143516540527343750000
100.00000000000000000000000000000 5110.0000000000000000000000000000 0.0053193969652056694030761718750000
100.00000000000000000000000000000 5210.0000000000000000000000000000 0.0049069141969084739685058593750000
100.00000000000000000000000000000 5310.0000000000000000000000000000 0.0060064247809350490570068359375000
100.00000000000000000000000000000 5410.0000000000000000000000000000 0.0052563427016139030456542968750000
100.00000000000000000000000000000 5510.0000000000000000000000000000 0.0042602960020303726196289062500000
100.00000000000000000000000000000 5610.0000000000000000000000000000 0.0054412228055298328399658203125000
100.00000000000000000000000000000 5710.0000000000000000000000000000 0.0041133062914013862609863281250000
100.00000000000000000000000000000 5810.0000000000000000000000000000 0.0050017954781651496887207031250000
100.00000000000000000000000000000 6010.0000000000000000000000000000 0.0063944123685359954833984375000000
100.00000000000000000000000000000 6110.0000000000000000000000000000 0.0047837803140282630920410156250000
100.00000000000000000000000000000 6210.0000000000000000000000000000 0.0057205175980925559997558593750000
100.00000000000000000000000000000 6310.0000000000000000000000000000 0.0051341643556952476501464843750000
100.00000000000000000000000000000 6410.0000000000000000000000000000 0.0049431025981903076171875000000000
100.00000000000000000000000000000 6510.0000000000000000000000000000 0.0043364511802792549133300781250000
100.00000000000000000000000000000 6610.0000000000000000000000000000 0.0043788123875856399536132812500000
100.00000000000000000000000000000 6710.0000000000000000000000000000 0.0057125724852085113525390625000000
100.00000000000000000000000000000 6810.0000000000000000000000000000 0.0041363057680428028106689453125000
100.00000000000000000000000000000 6910.0000000000000000000000000000 0.0041138883680105209350585937500000
100.00000000000000000000000000000 7010.0000000000000000000000000000 0.0045328470878303050994873046875000
100.00000000000000000000000000000 7110.0000000000000000000000000000 0.0059418287128210067749023437500000
100.00000000000000000000000000000 7210.0000000000000000000000000000 0.0067647821269929409027099609375000
100.00000000000000000000000000000 7310.0000000000000000000000000000 0.0054983533918857574462890625000000
100.00000000000000000000000000000 7410.0000000000000000000000000000 0.0067424722947180271148681640625000
100.00000000000000000000000000000 7510.0000000000000000000000000000 0.0042961090803146362304687500000000
100.00000000000000000000000000000 7610.0000000000000000000000000000 0.0042649446986615657806396484375000
100.00000000000000000000000000000 7710.0000000000000000000000000000 0.0044685164466500282287597656250000
100.00000000000000000000000000000 7910.0000000000000000000000000000 0.0047617196105420589447021484375000
100.00000000000000000000000000000 8010.0000000000000000000000000000 0.0053104362450540065765380859375000
100.00000000000000000000000000000 8110.0000000000000000000000000000 0.0046911570243537425994873046875000
100.00000000000000000000000000000 8210.0000000000000000000000000000 0.0044578695669770240783691406250000
100.00000000000000000000000000000 8310.0000000000000000000000000000 0.0063516078516840934753417968750000
100.00000000000000000000000000000 8410.0000000000000000000000000000 0.0052401525899767875671386718750000
100.00000000000000000000000000000 8510.0000000000000000000000000000 0.0072534759528934955596923828125000
100.00000000000000000000000000000 8610.0000000000000000000000000000 0.0043270867317914962768554687500000
100.00000000000000000000000000000 8710.0000000000000000000000000000 0.0062055424787104129791259765625000
100.00000000000000000000000000000 8810.0000000000000000000000000000 0.0043585812672972679138183593750000
100.00000000000000000000000000000 8910.0000000000000000000000000000 0.0065185739658772945404052734375000
100.00000000000000000000000000000 9010.0000000000000000000000000000 0.0045372853055596351623535156250000
100.00000000000000000000000000000 9110.0000000000000000000000000000 0.0058811455965042114257812500000000
100.00000000000000000000000000000 9210.0000000000000000000000000000 0.0082875154912471771240234375000000
100.00000000000000000000000000000 9310.0000000000000000000000000000 0.0066336076706647872924804687500000
100.00000000000000000000000000000 9410.0000000000000000000000000000 0.0060904994606971740722656250000000
100.00000000000000000000000000000 9510.0000000000000000000000000000 0.0054221823811531066894531250000000
100.00000000000000000000000000000 9710.0000000000000000000000000000 0.0048001226969063282012939453125000
100.00000000000000000000000000000 9810.0000000000000000000000000000 0.0042280880734324455261230468750000
100.00000000000000000000000000000 9910.0000000000000000000000000000 0.0054157990962266921997070312500000
100.00000000000000000000000000000 10010.000000000000000000000000000 0.0064397696405649185180664062500000
100.00000000000000000000000000000 10110.000000000000000000000000000 0.0050720777362585067749023437500000
100.00000000000000000000000000000 10210.000000000000000000000000000 0.0047827651724219322204589843750000
100.00000000000000000000000000000 10310.000000000000000000000000000 0.0047528576105833053588867187500000
100.00000000000000000000000000000 10410.000000000000000000000000000 0.0042509483173489570617675781250000
100.00000000000000000000000000000 10510.000000000000000000000000000 0.0058226720429956912994384765625000
100.00000000000000000000000000000 10610.000000000000000000000000000 0.0072988118045032024383544921875000
100.00000000000000000000000000000 10710.000000000000000000000000000 0.0052761761471629142761230468750000
100.00000000000000000000000000000 10810.000000000000000000000000000 0.0053437212482094764709472656250000
100.00000000000000000000000000000 10910.000000000000000000000000000 0.0046987566165626049041748046875000
100.00000000000000000000000000000 11110.000000000000000000000000000 0.0051137413829565048217773437500000
100.00000000000000000000000000000 11210.000000000000000000000000000 0.0065576955676078796386718750000000
100.00000000000000000000000000000 11310.000000000000000000000000000 0.0045621879398822784423828125000000
100.00000000000000000000000000000 11410.000000000000000000000000000 0.0047720093280076980590820312500000
100.00000000000000000000000000000 11510.000000000000000000000000000 0.0064915362745523452758789062500000
100.00000000000000000000000000000 11610.000000000000000000000000000 0.0048477612435817718505859375000000
100.00000000000000000000000000000 11710.000000000000000000000000000 0.0046388739719986915588378906250000
100.00000000000000000000000000000 11810.000000000000000000000000000 0.0054003195837140083312988281250000
100.00000000000000000000000000000 11910.000000000000000000000000000 0.0057523855939507484436035156250000
100.00000000000000000000000000000 12010.000000000000000000000000000 0.0052158851176500320434570312500000
1045.0000000000000000000000000000 13060.000000000000000000000000000 0.0063044647686183452606201171875000
621.00000000000000000000000000000 13680.000000000000000000000000000 0.0044270977377891540527343750000000
623.00000000000000000000000000000 14300.000000000000000000000000000 0.0048668668605387210845947265625000
763.00000000000000000000000000000 15060.000000000000000000000000000 0.0074910535477101802825927734375000
335.00000000000000000000000000000 18450.000000000000000000000000000 0.0058471653610467910766601562500000
312.00000000000000000000000000000 18760.000000000000000000000000000 0.0042460863478481769561767578125000
310.00000000000000000000000000000 19070.000000000000000000000000000 0.0068659023381769657135009765625000
303.00000000000000000000000000000 19370.000000000000000000000000000 0.0047938972711563110351562500000000
295.00000000000000000000000000000 19670.000000000000000000000000000 0.0044602560810744762420654296875000
295.00000000000000000000000000000 19960.000000000000000000000000000 0.0057421261444687843322753906250000
257.00000000000000000000000000000 20220.000000000000000000000000000 0.0065960492938756942749023437500000
263.00000000000000000000000000000 20480.000000000000000000000000000 0.0073801656253635883331298828125000
255.00000000000000000000000000000 20730.000000000000000000000000000 0.0046138823963701725006103515625000
279.00000000000000000000000000000 21010.000000000000000000000000000 0.0051301657222211360931396484375000
290.00000000000000000000000000000 21300.000000000000000000000000000 0.0041620517149567604064941406250000
278.00000000000000000000000000000 21580.000000000000000000000000000 0.0046957777813076972961425781250000
