0.0000000000000000000000000000000
0.0084253381937742233276367187500000
0.0086949216201901435852050781250000
0.0085181463509798049926757812500000
0.0096160508692264556884765625000000
0.0051158485002815723419189453125000
0.0074406228959560394287109375000000
0.0070455074310302734375000000000000
0.0072153545916080474853515625000000
0.0079942904412746429443359375000000
0.0068602184765040874481201171875000
0.0063737519085407257080078125000000
0.0066666826605796813964843750000000
0.0062585230916738510131835937500000
0.0063658547587692737579345703125000
0.0083948187530040740966796875000000
0.0091093676164746284484863281250000
0.0075158020481467247009277343750000
0.0086902678012847900390625000000000
0.0049890186637639999389648437500000
0.0059073166921734809875488281250000
0.0061764349229633808135986328125000
0.013879358768463134765625000000000
0.012321203015744686126708984375000
0.012518914416432380676269531250000
0.0054902378469705581665039062500000
0.010185292921960353851318359375000
0.010211437940597534179687500000000
0.011024743318557739257812500000000
0.015198992565274238586425781250000
0.014784849248826503753662109375000
0.013692520558834075927734375000000
0.013553621247410774230957031250000
0.024290582165122032165527343750000
0.025683717802166938781738281250000
0.025796718895435333251953125000000
0.010774238966405391693115234375000
0.010188895277678966522216796875000
0.010715691372752189636230468750000
0.015474135987460613250732421875000
0.013901771977543830871582031250000
0.014006122946739196777343750000000
0.016468867659568786621093750000000
0.0010054426966235041618347167968750
0.0046079382300376892089843750000000
0.0074943988583981990814208984375000
0.0065714498050510883331298828125000
0.013983644545078277587890625000000
0.019259063526988029479980468750000
0.013881356455385684967041015625000
0.015150721184909343719482421875000
0.018601894378662109375000000000000
0.018806263804435729980468750000000
0.018801461905241012573242187500000
0.018926803022623062133789062500000
0.0047258962877094745635986328125000
0.031131869181990623474121093750000
0.023888299241662025451660156250000
0.023252751678228378295898437500000
0.022475760430097579956054687500000
0.017787864431738853454589843750000
0.020950455218553543090820312500000
0.019246669486165046691894531250000
0.019630668684840202331542968750000
0.020742053166031837463378906250000
0.020800514146685600280761718750000
0.021901791915297508239746093750000
0.021964043378829956054687500000000
0.021842066198587417602539062500000
0.017782179638743400573730468750000
0.019888155162334442138671875000000
0.019438426941633224487304687500000
0.020978160202503204345703125000000
0.022549236193299293518066406250000
0.021874759346246719360351562500000
0.019882442429661750793457031250000
0.020748347043991088867187500000000
0.022925775498151779174804687500000
0.019097123295068740844726562500000
0.020945243537425994873046875000000
0.013649038039147853851318359375000
0.019114384427666664123535156250000
0.018378952518105506896972656250000
0.018481139093637466430664062500000
0.019325720146298408508300781250000
0.014640726149082183837890625000000
0.015165336430072784423828125000000
0.016950655728578567504882812500000
0.017147468402981758117675781250000
0.014180261641740798950195312500000
0.025163779035210609436035156250000
0.023492678999900817871093750000000
0.023915847763419151306152343750000
0.021652700379490852355957031250000
0.019043412059545516967773437500000
0.020826186984777450561523437500000
0.021565111353993415832519531250000
0.021366994827985763549804687500000
0.020451352000236511230468750000000
0.021899744868278503417968750000000
0.022627666592597961425781250000000
0.026935854926705360412597656250000
0.030167529359459877014160156250000
0.026777863502502441406250000000000
0.025010474026203155517578125000000
0.019816439598798751831054687500000
0.021777823567390441894531250000000
0.012984966859221458435058593750000
0.010359452106058597564697265625000
0.010075843892991542816162109375000
0.0092404726892709732055664062500000
0.0075632384978234767913818359375000
0.021083848550915718078613281250000
0.018982404842972755432128906250000
0.019949370995163917541503906250000
0.021826241165399551391601562500000
0.013752632774412631988525390625000
0.014215894043445587158203125000000
0.014254072681069374084472656250000
0.0055755218490958213806152343750000
0.019031338393688201904296875000000
0.038978919386863708496093750000000
0.028846502304077148437500000000000
0.029394835233688354492187500000000
0.027391230687499046325683593750000
0.026949483901262283325195312500000
0.028111381456255912780761718750000
0.016984662041068077087402343750000
0.015343766659498214721679687500000
0.014776584692299365997314453125000
0.014664587564766407012939453125000
0.015221317298710346221923828125000
0.013739382848143577575683593750000
0.013469320721924304962158203125000
0.012869899161159992218017578125000
0.013900108635425567626953125000000
0.013979662209749221801757812500000
0.0089666564017534255981445312500000
0.013946764171123504638671875000000
0.0073702856898307800292968750000000
0.021493555977940559387207031250000
0.022005999460816383361816406250000
0.034011486917734146118164062500000
0.033598408102989196777343750000000
0.035695344209671020507812500000000
0.034052960574626922607421875000000
0.023185141384601593017578125000000
0.030804688110947608947753906250000
0.029335584491491317749023437500000
0.032870054244995117187500000000000
0.042729068547487258911132812500000
0.025684446096420288085937500000000
0.023152645677328109741210937500000
0.024899365380406379699707031250000
0.014531380496919155120849609375000
0.014723212458193302154541015625000
0.015461927279829978942871093750000
0.023616801947355270385742187500000
0.0034712217748165130615234375000000
0.0033668440300971269607543945312500
0.0033929343335330486297607421875000
0.0085258679464459419250488281250000
0.0075589721091091632843017578125000
0.0089079318568110466003417968750000
0.0088189728558063507080078125000000
0.0077017634175717830657958984375000
0.014650507830083370208740234375000
0.020272092893719673156738281250000
0.020851260051131248474121093750000
0.021062066778540611267089843750000
0.024509599432349205017089843750000
0.024687886238098144531250000000000
0.024381078779697418212890625000000
0.026393475010991096496582031250000
0.027457648888230323791503906250000
0.023630201816558837890625000000000
0.026474770158529281616210937500000
0.026329619809985160827636718750000
0.024087756872177124023437500000000
0.028486263006925582885742187500000
0.030492190271615982055664062500000
0.029907118529081344604492187500000
0.027188690379261970520019531250000
0.026727505028247833251953125000000
0.013419761322438716888427734375000
0.012619631364941596984863281250000
0.011742381379008293151855468750000
0.013896571472287178039550781250000
0.014938128180801868438720703125000
0.027485985308885574340820312500000
0.032570570707321166992187500000000
0.029267571866512298583984375000000
0.031865354627370834350585937500000
0.031486395746469497680664062500000
0.029956452548503875732421875000000
0.029067723080515861511230468750000
0.027862347662448883056640625000000
0.027512256056070327758789062500000
0.021838985383510589599609375000000
0.022245651111006736755371093750000
0.015677122399210929870605468750000
0.032319661229848861694335937500000
0.028844576328992843627929687500000
0.038871221244335174560546875000000
0.039074420928955078125000000000000
0.039212744683027267456054687500000
0.041328348219394683837890625000000
0.016853541135787963867187500000000
0.027371184900403022766113281250000
0.027408486232161521911621093750000
0.027048056945204734802246093750000
0.020009098574519157409667968750000
0.020360445603728294372558593750000
0.012126731686294078826904296875000
0.0063132429495453834533691406250000
0.00022346150944940745830535888671875
0.0019333497621119022369384765625000
0.0023764709476381540298461914062500
7.8414850577246397733688354492188e-05
0.0078153312206268310546875000000000
0.0085271149873733520507812500000000
0.0084810825064778327941894531250000
0.0055586840026080608367919921875000
0.0061729624867439270019531250000000
0.0095590222626924514770507812500000
0.0052999011240899562835693359375000
0.0055230031721293926239013671875000
0.0056664198637008666992187500000000
0.0056122844107449054718017578125000
0.0057121873833239078521728515625000
0.0058808545581996440887451171875000
0.0056337439455091953277587890625000
0.0059193540364503860473632812500000
0.0056618154048919677734375000000000
0.0055186212994158267974853515625000
0.012886646203696727752685546875000
0.017499126493930816650390625000000
0.019305398687720298767089843750000
0.019816979765892028808593750000000
0.020110702142119407653808593750000
0.020068002864718437194824218750000
0.019355501979589462280273437500000
0.019280487671494483947753906250000
0.019768657162785530090332031250000
0.013324082829058170318603515625000
0.011994934640824794769287109375000
0.013112311251461505889892578125000
0.0088744992390275001525878906250000
0.016263842582702636718750000000000
0.010884566232562065124511718750000
0.014073909260332584381103515625000
0.014040159061551094055175781250000
0.0046959733590483665466308593750000
0.0034842372406274080276489257812500
0.0044008069671690464019775390625000
0.0024420847184956073760986328125000
0.0021215663291513919830322265625000
0.0018184125656262040138244628906250
0.0017550416523590683937072753906250
0.0091606508940458297729492187500000
0.012199820019304752349853515625000
0.010693551972508430480957031250000
0.0095231169834733009338378906250000
0.015341973863542079925537109375000
0.025317030027508735656738281250000
0.014959182590246200561523437500000
0.017023978754878044128417968750000
0.017100514844059944152832031250000
0.019561007618904113769531250000000
0.019817316904664039611816406250000
0.020550135523080825805664062500000
0.018417382612824440002441406250000
0.020951792597770690917968750000000
0.024216040968894958496093750000000
0.015096840448677539825439453125000
0.014690633863210678100585937500000
0.013469787314534187316894531250000
0.014369482174515724182128906250000
0.013388184830546379089355468750000
0.014389853924512863159179687500000
0.011514130048453807830810546875000
0.012078646570444107055664062500000
0.017994998022913932800292968750000
0.024696795269846916198730468750000
0.029104953631758689880371093750000
0.028301544487476348876953125000000
0.028951572254300117492675781250000
0.029841264709830284118652343750000
0.029177106916904449462890625000000
0.024567279964685440063476562500000
0.026889992877840995788574218750000
0.025879248976707458496093750000000
0.018311923369765281677246093750000
0.015924753621220588684082031250000
0.014231852255761623382568359375000
0.015251430682837963104248046875000
0.014033075422048568725585937500000
0.015381713397800922393798828125000
0.013178721070289611816406250000000
0.013971014879643917083740234375000
0.014000507071614265441894531250000
0.011381040327250957489013671875000
0.015033473260700702667236328125000
0.0073591987602412700653076171875000
0.0063553145155310630798339843750000
0.0020266261417418718338012695312500
0.010002275928854942321777343750000
0.010410686023533344268798828125000
0.0075195273384451866149902343750000
0.012493597343564033508300781250000
0.012267896905541419982910156250000
0.012455920688807964324951171875000
0.013317379169166088104248046875000
0.0096746608614921569824218750000000
0.0069138542748987674713134765625000
0.0066911689937114715576171875000000
0.0010688055772334337234497070312500
0.019224053248763084411621093750000
0.013273798860609531402587890625000
0.030462391674518585205078125000000
0.015262587927281856536865234375000
0.028777254745364189147949218750000
0.029128005728125572204589843750000
0.029023073613643646240234375000000
0.030667688697576522827148437500000
0.027523264288902282714843750000000
0.033774491399526596069335937500000
0.035894114524126052856445312500000
0.037032861262559890747070312500000
0.038718830794095993041992187500000
0.040393445640802383422851562500000
0.040440563112497329711914062500000
0.039717942476272583007812500000000
0.030217284336686134338378906250000
0.030269820243120193481445312500000
0.018216803669929504394531250000000
0.017231339588761329650878906250000
0.030482519418001174926757812500000
0.018899366259574890136718750000000
0.021112930029630661010742187500000
0.024579381570219993591308593750000
0.020491834729909896850585937500000
0.010897274129092693328857421875000
0.010815145447850227355957031250000
0.012850869446992874145507812500000
0.013076637871563434600830078125000
0.013661357574164867401123046875000
0.014103427529335021972656250000000
0.014463460072875022888183593750000
0.022578768432140350341796875000000
0.023113392293453216552734375000000
0.024019032716751098632812500000000
0.012670300900936126708984375000000
0.013602253980934619903564453125000
0.016204657033085823059082031250000
0.016899157315492630004882812500000
0.019816335290670394897460937500000
0.014345487579703330993652343750000
0.017867377027869224548339843750000
0.0084857502952218055725097656250000
0.020137602463364601135253906250000
0.021414684131741523742675781250000
0.022453159093856811523437500000000
0.024552039802074432373046875000000
0.023253444582223892211914062500000
0.020103836432099342346191406250000
0.019151782616972923278808593750000
0.032611597329378128051757812500000
0.032079748809337615966796875000000
0.028970131650567054748535156250000
0.017462179064750671386718750000000
0.016729727387428283691406250000000
0.017762845382094383239746093750000
0.011006871238350868225097656250000
0.020663874223828315734863281250000
0.020403480157256126403808593750000
0.020784111693501472473144531250000
0.019713906571269035339355468750000
0.020140595734119415283203125000000
0.020869005471467971801757812500000
0.022501407191157341003417968750000
0.0092627387493848800659179687500000
0.022918757051229476928710937500000
0.021783025935292243957519531250000
0.00093124661361798644065856933593750
0.0027467100881040096282958984375000
0.0020995133090764284133911132812500
0.018432702869176864624023437500000
0.018815647810697555541992187500000
0.018004598096013069152832031250000
0.017120672389864921569824218750000
0.015443172305822372436523437500000
0.015709163621068000793457031250000
0.015237336046993732452392578125000
0.016905162483453750610351562500000
0.019061475992202758789062500000000
0.020657489076256752014160156250000
0.0087181245908141136169433593750000
0.028431059792637825012207031250000
0.028149133548140525817871093750000
0.016465628519654273986816406250000
0.027317075058817863464355468750000
0.027284307405352592468261718750000
0.024977894499897956848144531250000
0.023541150614619255065917968750000
0.025372507050633430480957031250000
0.019100552424788475036621093750000
0.020877661183476448059082031250000
0.020585138350725173950195312500000
0.023657534271478652954101562500000
0.017499484121799468994140625000000
0.0091110188513994216918945312500000
0.0091762505471706390380859375000000
0.0087480172514915466308593750000000
0.0068583022803068161010742187500000
0.0043079513125121593475341796875000
0.0045231496915221214294433593750000
0.0043840096332132816314697265625000
0.0019988331478089094161987304687500
0.010573197156190872192382812500000
0.0098708113655447959899902343750000
0.0099124759435653686523437500000000
0.0031643311958760023117065429687500
0.00051314552547410130500793457031250
0.0016014366410672664642333984375000
0.00022997007181402295827865600585938
9.9802819022443145513534545898438e-05
0.00015865078603383153676986694335938
0.0017219756264239549636840820312500
0.00024516912526451051235198974609375
5.5804204748710617423057556152344e-05
7.6885204180143773555755615234375e-05
7.8872653830330818891525268554688e-05
7.3647461249493062496185302734375e-05
0.00011019450903404504060745239257812
7.9508208727929741144180297851562e-05
0.00010669040784705430269241333007812
0.0022988247219473123550415039062500
0.00044931110460311174392700195312500
9.2156020400580018758773803710938e-05
0.00011835154873551800847053527832031
0.00018428986368235200643539428710938
0.00014635664410889148712158203125000
0.00043491597170941531658172607421875
0.00048571580555289983749389648437500
0.00041010335553437471389770507812500
0.00065119197824969887733459472656250
0.00041502289241179823875427246093750
0.00035011096042580902576446533203125
0.00025508148246444761753082275390625
0.0010396542493253946304321289062500
0.0010541307274252176284790039062500
0.00085588922956958413124084472656250
0.00094790325965732336044311523437500
0.0010230477200821042060852050781250
0.0011691310210153460502624511718750
0.00089190155267715454101562500000000
0.00093636970268562436103820800781250
0.00059516396140679717063903808593750
0.00061830272898077964782714843750000
0.00040521641494706273078918457031250
0.00056470144772902131080627441406250
0.00031188767752610146999359130859375
0.00082759372889995574951171875000000
0.00016526819672435522079467773437500
0.00025344366440549492835998535156250
0.00028508095419965684413909912109375
0.00024197972379624843597412109375000
0.00020526241860352456569671630859375
0.00034425055491738021373748779296875
0.00035863797529600560665130615234375
0.00027724640676751732826232910156250
0.00039087107870727777481079101562500
0.00021367118461057543754577636718750
0.00023692109971307218074798583984375
5.8622168580768629908561706542969e-05
7.4915595178026705980300903320312e-05
7.7174066973384469747543334960938e-05
7.9290002759080380201339721679688e-05
0.00047581005492247641086578369140625
0.00049934588605538010597229003906250
0.00050626834854483604431152343750000
0.00019405470811761915683746337890625
0.00021949820802547037601470947265625
0.00023237832647282630205154418945312
0.00018218230979982763528823852539062
0.00016973148740362375974655151367188
0.00017712336557451635599136352539062
0.00016483938088640570640563964843750
0.00017597465193830430507659912109375
0.00011079824616899713873863220214844
0.00017087202286347746849060058593750
0.00026257507852278649806976318359375
0.00036489803460426628589630126953125
0.00028549673152156174182891845703125
0.0011450191959738731384277343750000
0.00081420387141406536102294921875000
0.0010441970080137252807617187500000
0.0010420057224109768867492675781250
0.00093148968880996108055114746093750
0.00020907916768919676542282104492188
0.00044534058542922139167785644531250
0.00054080417612567543983459472656250
0.00051550002535805106163024902343750
0.00029030401492491364479064941406250
0.00018150210962630808353424072265625
0.00052818347467109560966491699218750
0.00027860805857926607131958007812500
0.00043649587314575910568237304687500
0.00031634367769584059715270996093750
0.0011238176375627517700195312500000
0.0016141642117872834205627441406250
0.0089343516156077384948730468750000
0.010267414152622222900390625000000
0.0058626523241400718688964843750000
0.0077580544166266918182373046875000
0.0077107762917876243591308593750000
0.0087700262665748596191406250000000
0.011032261885702610015869140625000
0.013890519738197326660156250000000
0.014118806459009647369384765625000
0.010988732799887657165527343750000
0.010682059451937675476074218750000
0.0075582079589366912841796875000000
0.0086471084505319595336914062500000
0.012974413111805915832519531250000
0.016927864402532577514648437500000
0.017741283401846885681152343750000
0.018273193389177322387695312500000
0.018609840422868728637695312500000
0.012666847556829452514648437500000
0.012642152607440948486328125000000
0.018077550455927848815917968750000
0.015336439944803714752197265625000
0.023406585678458213806152343750000
0.015151169151067733764648437500000
0.013835782185196876525878906250000
0.014661315828561782836914062500000
0.014562889933586120605468750000000
0.015166106633841991424560546875000
0.018565632402896881103515625000000
0.018386133015155792236328125000000
0.016743548214435577392578125000000
0.018607167527079582214355468750000
0.018394552171230316162109375000000
0.025479756295680999755859375000000
0.027024742215871810913085937500000
0.037978544831275939941406250000000
0.040759749710559844970703125000000
0.038726713508367538452148437500000
0.043309275060892105102539062500000
0.024944026023149490356445312500000
0.031160498037934303283691406250000
0.033698022365570068359375000000000
0.030910149216651916503906250000000
0.032936051487922668457031250000000
0.025396851822733879089355468750000
0.026740366593003273010253906250000
0.018444042652845382690429687500000
0.026917178183794021606445312500000
0.025784378871321678161621093750000
0.025992291048169136047363281250000
0.025253878906369209289550781250000
0.022906212136149406433105468750000
0.025218255817890167236328125000000
0.036426018923521041870117187500000
0.036378584802150726318359375000000
0.030720820650458335876464843750000
0.027406247332692146301269531250000
0.027868574485182762145996093750000
0.029451413080096244812011718750000
0.021410468965768814086914062500000
0.022674946114420890808105468750000
0.022286999970674514770507812500000
0.020810348913073539733886718750000
0.021875904873013496398925781250000
0.017063995823264122009277343750000
0.016246199607849121093750000000000
0.011602911166846752166748046875000
0.010392364114522933959960937500000
0.0097955092787742614746093750000000
0.017686482518911361694335937500000
0.018718929961323738098144531250000
0.018484534695744514465332031250000
0.014898701570928096771240234375000
0.018154524266719818115234375000000
0.018902637064456939697265625000000
0.021045466884970664978027343750000
0.019196763634681701660156250000000
0.017356820404529571533203125000000
0.014167389832437038421630859375000
0.016120798885822296142578125000000
0.017023038119077682495117187500000
0.011730923317372798919677734375000
0.0099065601825714111328125000000000
0.011450902558863162994384765625000
0.015630913898348808288574218750000
0.016302058473229408264160156250000
0.027944117784500122070312500000000
0.026697434484958648681640625000000
0.026651188731193542480468750000000
0.021235704421997070312500000000000
0.023207696154713630676269531250000
0.022295784205198287963867187500000
0.023022536188364028930664062500000
0.010848800651729106903076171875000
0.0027159783057868480682373046875000
0.0014954624930396676063537597656250
0.019578941166400909423828125000000
0.018877571448683738708496093750000
0.018876478075981140136718750000000
0.020557802170515060424804687500000
0.023003987967967987060546875000000
0.019636565819382667541503906250000
0.012083780020475387573242187500000
0.015755822882056236267089843750000
0.016151782125234603881835937500000
0.019149025902152061462402343750000
0.017104521393775939941406250000000
0.011089860461652278900146484375000
0.012269045226275920867919921875000
0.0087702339515089988708496093750000
0.0095900632441043853759765625000000
0.0096919052302837371826171875000000
0.0032465830445289611816406250000000
0.0050218934193253517150878906250000
0.010031681507825851440429687500000
0.00026259099831804633140563964843750
0.0028168798889964818954467773437500
0.016585150733590126037597656250000
0.0085527589544653892517089843750000
0.0084190852940082550048828125000000
0.0087066572159528732299804687500000
0.0080653792247176170349121093750000
0.0087945451959967613220214843750000
0.0060078999958932399749755859375000
0.0071276430971920490264892578125000
0.0072738593444228172302246093750000
0.0055334283970296382904052734375000
0.0065912357531487941741943359375000
0.0072957356460392475128173828125000
0.0099391574040055274963378906250000
0.0088365264236927032470703125000000
0.0076858801767230033874511718750000
0.013246074318885803222656250000000
0.013601763173937797546386718750000
0.015929965302348136901855468750000
0.017485711723566055297851562500000
0.017501205205917358398437500000000
0.010819434188306331634521484375000
0.011257703416049480438232421875000
0.011641942895948886871337890625000
0.011978727765381336212158203125000
0.010290864855051040649414062500000
0.011428292840719223022460937500000
0.015829971060156822204589843750000
0.015906615182757377624511718750000
0.0094706956297159194946289062500000
0.0093898512423038482666015625000000
0.0094981621950864791870117187500000
0.014821794815361499786376953125000
0.014246080070734024047851562500000
0.017300657927989959716796875000000
0.016896869987249374389648437500000
0.016743162646889686584472656250000
0.016397247090935707092285156250000
0.018080139532685279846191406250000
0.018217410892248153686523437500000
0.017530953511595726013183593750000
0.0046657728962600231170654296875000
0.0035818601027131080627441406250000
0.019725315272808074951171875000000
0.019217057153582572937011718750000
0.010682668536901473999023437500000
0.0093312980607151985168457031250000
0.0092600127682089805603027343750000
0.010408421047031879425048828125000
0.015492682345211505889892578125000
0.0079113002866506576538085937500000
0.0090406555682420730590820312500000
0.0092160422354936599731445312500000
0.015574862249195575714111328125000
0.015076419338583946228027343750000
0.014097360894083976745605468750000
0.010764415375888347625732421875000
0.013727016746997833251953125000000
0.011674662120640277862548828125000
0.0097862156108021736145019531250000
0.011221434921026229858398437500000
0.0098275700584053993225097656250000
0.025173932313919067382812500000000
0.018525216728448867797851562500000
0.018929300829768180847167968750000
0.018364410847425460815429687500000
0.020333282649517059326171875000000
0.025139009580016136169433593750000
0.024797584861516952514648437500000
0.027243660762906074523925781250000
0.014320662245154380798339843750000
0.028978133574128150939941406250000
0.027751244604587554931640625000000
0.014424182474613189697265625000000
0.025359306484460830688476562500000
0.019820347428321838378906250000000
0.022428302094340324401855468750000
0.021017046645283699035644531250000
0.0027737775817513465881347656250000
0.0025226261932402849197387695312500
0.0024250582791864871978759765625000
0.00022523471852764487266540527343750
0.00012889709614682942628860473632812
0.00015237423940561711788177490234375
0.00044176998198963701725006103515625
0.0021161565091460943222045898437500
0.0018566730432212352752685546875000
0.00065012974664568901062011718750000
0.00061614578589797019958496093750000
0.0013571792514994740486145019531250
0.00043119449401274323463439941406250
0.00056075409520417451858520507812500
0.00070829119067639112472534179687500
0.00098670087754726409912109375000000
0.00073407072341069579124450683593750
0.00066456448985263705253601074218750
0.00072820135392248630523681640625000
0.00080770038766786456108093261718750
0.00052766560111194849014282226562500
0.00079343421384692192077636718750000
0.0020821208599954843521118164062500
0.0023202016018331050872802734375000
0.0021658432669937610626220703125000
0.00041765210335142910480499267578125
0.00058139732573181390762329101562500
0.0016763175372034311294555664062500
0.0013478663749992847442626953125000
0.00083097885362803936004638671875000
0.0015923678874969482421875000000000
0.00073451868956908583641052246093750
0.00080890738172456622123718261718750
0.0012412810465320944786071777343750
0.0071022575721144676208496093750000
0.0064752441830933094024658203125000
0.0032197532709687948226928710937500
0.0051552606746554374694824218750000
0.0080615878105163574218750000000000
0.0093320989981293678283691406250000
0.0090226791799068450927734375000000
0.0092233475297689437866210937500000
0.00012456291005946695804595947265625
0.00018937482673209160566329956054688
6.3036473875399678945541381835938e-05
0.00020953240164089947938919067382812
0.0074967262335121631622314453125000
0.0081848502159118652343750000000000
0.0085784057155251502990722656250000
0.012194466777145862579345703125000
0.010366219095885753631591796875000
0.0090952236205339431762695312500000
0.012114882469177246093750000000000
0.012737082317471504211425781250000
0.0047991494648158550262451171875000
0.0025398815050721168518066406250000
0.0041586980223655700683593750000000
0.0044210082851350307464599609375000
0.0050124637782573699951171875000000
0.0048590172082185745239257812500000
0.0036893356591463088989257812500000
0.0043117371387779712677001953125000
0.0044194306246936321258544921875000
0.0042466558516025543212890625000000
0.0024110351223498582839965820312500
0.0031956790480762720108032226562500
0.0034511745907366275787353515625000
0.0029176636599004268646240234375000
0.0032658132258802652359008789062500
0.0040065660141408443450927734375000
0.015466816723346710205078125000000
0.014909115619957447052001953125000
0.030120499432086944580078125000000
0.019712856039404869079589843750000
0.028871577233076095581054687500000
0.012478567659854888916015625000000
0.0045659355819225311279296875000000
0.0087162749841809272766113281250000
0.0052272509783506393432617187500000
0.010646941140294075012207031250000
0.014512191526591777801513671875000
0.00026338387397117912769317626953125
0.015239465981721878051757812500000
0.015884514898061752319335937500000
0.014632352627813816070556640625000
0.015167908743023872375488281250000
0.017908217385411262512207031250000
0.018766786903142929077148437500000
0.017474733293056488037109375000000
0.016008991748094558715820312500000
0.015067689120769500732421875000000
0.015922458842396736145019531250000
0.015943652018904685974121093750000
0.015583950094878673553466796875000
0.017137238755822181701660156250000
0.024568650871515274047851562500000
0.011592086404561996459960937500000
0.011677362024784088134765625000000
0.011406111530959606170654296875000
0.0057832906022667884826660156250000
0.012636512517929077148437500000000
0.012035675346851348876953125000000
0.012260069139301776885986328125000
0.012104983441531658172607421875000
0.013108539395034313201904296875000
0.012311914935708045959472656250000
0.011709578335285186767578125000000
0.010397673584520816802978515625000
0.015154495835304260253906250000000
0.014734414406120777130126953125000
0.015443304553627967834472656250000
0.015187595039606094360351562500000
0.014965175651013851165771484375000
0.012153566814959049224853515625000
0.020370783284306526184082031250000
0.010932140983641147613525390625000
0.012223966419696807861328125000000
0.011482661589980125427246093750000
0.0070063252933323383331298828125000
0.0068139010109007358551025390625000
0.0098069263622164726257324218750000
0.010607337579131126403808593750000
0.013692913576960563659667968750000
0.015115648508071899414062500000000
0.015515867620706558227539062500000
0.014839384704828262329101562500000
0.014158571138978004455566406250000
0.018104935064911842346191406250000
0.018690485507249832153320312500000
0.0026167067699134349822998046875000
0.015039404854178428649902343750000
0.0094295302405953407287597656250000
0.010827065445482730865478515625000
0.0091519253328442573547363281250000
0.0097038690000772476196289062500000
0.0097587313503026962280273437500000
0.0075752814300358295440673828125000
0.0089878728613257408142089843750000
0.0049945022910833358764648437500000
0.0078688766807317733764648437500000
0.0076929326169192790985107421875000
0.0088346535339951515197753906250000
0.0085296677425503730773925781250000
0.011226680129766464233398437500000
0.0088407704606652259826660156250000
0.0094266878440976142883300781250000
0.0093551101163029670715332031250000
0.018357526510953903198242187500000
0.016107836738228797912597656250000
0.019350025802850723266601562500000
0.014626927673816680908203125000000
0.016640197485685348510742187500000
0.016630413010716438293457031250000
0.018206411972641944885253906250000
0.018751187250018119812011718750000
0.011600292287766933441162109375000
0.012513251975178718566894531250000
0.018844429403543472290039062500000
0.020101280882954597473144531250000
0.020289525389671325683593750000000
0.018324123695492744445800781250000
0.019253099337220191955566406250000
0.016549954190850257873535156250000
0.018874322995543479919433593750000
0.019984269514679908752441406250000
0.019846323877573013305664062500000
0.016456866636872291564941406250000
0.015446700155735015869140625000000
0.017815081402659416198730468750000
0.016990797594189643859863281250000
0.019263669848442077636718750000000
0.018132951110601425170898437500000
0.017796048894524574279785156250000
0.013518698513507843017578125000000
0.0083790486678481101989746093750000
0.0089337807148694992065429687500000
0.0086821326985955238342285156250000
0.0089254444465041160583496093750000
0.0089124524965882301330566406250000
0.018478801473975181579589843750000
0.017950123175978660583496093750000
0.017080135643482208251953125000000
0.018945965915918350219726562500000
0.018931455910205841064453125000000
0.019296709448099136352539062500000
0.018738714978098869323730468750000
0.017681509256362915039062500000000
0.0086923278868198394775390625000000
0.0038610305637121200561523437500000
0.0070048416964709758758544921875000
0.0071990014985203742980957031250000
0.0084516676142811775207519531250000
0.0081204706802964210510253906250000
0.0082141030579805374145507812500000
0.0029467435088008642196655273437500
0.0096458774060010910034179687500000
0.011198628693819046020507812500000
0.010732200928032398223876953125000
0.012305017560720443725585937500000
0.0041747889481484889984130859375000
0.0036241288762539625167846679687500
0.0038542195688933134078979492187500
0.0033904199954122304916381835937500
0.0035320571623742580413818359375000
0.0033057150430977344512939453125000
0.0032360441982746124267578125000000
0.0027914929669350385665893554687500
0.0038914908654987812042236328125000
0.0065050385892391204833984375000000
0.0066041974350810050964355468750000
0.0061116316355764865875244140625000
0.0060040466487407684326171875000000
0.0047674155794084072113037109375000
0.0024126425851136445999145507812500
0.0035630755592137575149536132812500
0.0036056949757039546966552734375000
0.0031365787144750356674194335937500
0.012819796800613403320312500000000
0.0018660367932170629501342773437500
0.0020236931741237640380859375000000
0.00061992189148440957069396972656250
0.0019382964819669723510742187500000
0.0026056442875415086746215820312500
0.0027894829399883747100830078125000
0.018462527543306350708007812500000
0.023258309811353683471679687500000
0.015061080455780029296875000000000
0.018169648945331573486328125000000
0.018438536673784255981445312500000
0.015484369359910488128662109375000
0.019910588860511779785156250000000
0.020345099270343780517578125000000
0.019968103617429733276367187500000
0.017633808776736259460449218750000
0.014782389625906944274902343750000
0.016361657530069351196289062500000
0.017294850200414657592773437500000
0.017394542694091796875000000000000
0.017990473657846450805664062500000
0.018152760341763496398925781250000
0.015673045068979263305664062500000
0.017551476135849952697753906250000
0.017184326425194740295410156250000
0.015053293667733669281005859375000
0.013810990378260612487792968750000
0.014693996869027614593505859375000
0.017639808356761932373046875000000
0.016790412366390228271484375000000
0.015559537336230278015136718750000
0.016377208754420280456542968750000
0.015513686463236808776855468750000
0.014916395768523216247558593750000
0.013334605842828750610351562500000
0.010225513949990272521972656250000
0.010441790334880352020263671875000
0.013142889365553855895996093750000
0.014475787058472633361816406250000
0.013317432254552841186523437500000
0.015968957915902137756347656250000
0.016397727653384208679199218750000
0.011314975097775459289550781250000
0.011931071057915687561035156250000
0.012051045894622802734375000000000
0.011583797633647918701171875000000
0.011799873784184455871582031250000
0.0063056349754333496093750000000000
0.0060953288339078426361083984375000
0.0063092727214097976684570312500000
0.0050201062113046646118164062500000
0.0047685438767075538635253906250000
0.00032469644793309271335601806640625
0.00040023186011239886283874511718750
0.0055147125385701656341552734375000
0.0050478200428187847137451171875000
0.0046167760156095027923583984375000
0.0049683959223330020904541015625000
0.0047364882193505764007568359375000
0.0034400701988488435745239257812500
0.0025968912523239850997924804687500
0.00069155415985733270645141601562500
0.0014546463498845696449279785156250
0.0014927266165614128112792968750000
0.0016462297644466161727905273437500
0.012112119235098361968994140625000
0.013043830171227455139160156250000
0.013306454755365848541259765625000
0.011386679485440254211425781250000
0.012634384445846080780029296875000
0.0096374806016683578491210937500000
0.015186887234449386596679687500000
0.015749009326100349426269531250000
0.015842216089367866516113281250000
0.016509296372532844543457031250000
0.018986567854881286621093750000000
0.016001276671886444091796875000000
0.0037069579120725393295288085937500
0.0026968657039105892181396484375000
0.0027639046311378479003906250000000
0.00082611391553655266761779785156250
0.0010766251944005489349365234375000
0.0012731520691886544227600097656250
0.00021153122361283749341964721679688
0.00043332771747373044490814208984375
0.00078478362411260604858398437500000
0.00066150084603577852249145507812500
0.00096149800810962915420532226562500
0.00087601091945543885231018066406250
0.0012226181570440530776977539062500
0.0012343032285571098327636718750000
0.0011163188610225915908813476562500
0.0021370167378336191177368164062500
0.0023086825385689735412597656250000
0.0020526882726699113845825195312500
0.0041715591214597225189208984375000
0.0012368891621008515357971191406250
0.00033273507142439484596252441406250
0.0016116341575980186462402343750000
0.0063984398730099201202392578125000
0.010035187937319278717041015625000
0.010097231715917587280273437500000
0.011183044873178005218505859375000
0.011917554773390293121337890625000
0.016278954222798347473144531250000
0.017335483804345130920410156250000
0.017198566347360610961914062500000
0.017640238627791404724121093750000
0.016012871637940406799316406250000
0.016579316928982734680175781250000
0.0095235239714384078979492187500000
0.0050745070911943912506103515625000
0.0042770793661475181579589843750000
0.0038971854373812675476074218750000
0.0030464832670986652374267578125000
0.00060863676480948925018310546875000
0.0011688560480251908302307128906250
0.00096374907298013567924499511718750
0.0011465342249721288681030273437500
0.0034550933632999658584594726562500
0.00060052913613617420196533203125000
0.0039125522598624229431152343750000
0.0012854716042056679725646972656250
0.0015767413424327969551086425781250
0.0014747682726010680198669433593750
0.00077141524525359272956848144531250
0.00089469086378812789916992187500000
0.00093595613725483417510986328125000
0.0012032462982460856437683105468750
0.0015349591849371790885925292968750
0.00074750749627128243446350097656250
0.00085737631889060139656066894531250
0.0010111872106790542602539062500000
0.0011845015687867999076843261718750
0.0011312066344544291496276855468750
0.0011753294384106993675231933593750
0.0011283508501946926116943359375000
0.0035117685329169034957885742187500
0.0034271944314241409301757812500000
0.0037527687381953001022338867187500
0.0039140949957072734832763671875000
0.0029029389843344688415527343750000
0.00063324451912194490432739257812500
0.00059122208040207624435424804687500
0.00058491871459409594535827636718750
0.00057367992121726274490356445312500
0.00052162708016112446784973144531250
0.00016077817417681217193603515625000
0.00043717914377339184284210205078125
0.00037023166078142821788787841796875
0.00045234386925585567951202392578125
0.00045875774230808019638061523437500
0.00040927671943791210651397705078125
0.00021468417253345251083374023437500
0.00017824137466959655284881591796875
0.00029297429136931896209716796875000
0.0019583257380872964859008789062500
0.0024046697653830051422119140625000
0.0026338829193264245986938476562500
0.0024881872814148664474487304687500
0.0023216442205011844635009765625000
0.0027571131940931081771850585937500
0.0024339170195162296295166015625000
0.0027176244184374809265136718750000
0.0059355460107326507568359375000000
0.00077145366230979561805725097656250
0.0061500151641666889190673828125000
0.0067813727073371410369873046875000
0.016256170347332954406738281250000
0.012554486282169818878173828125000
0.013453550636768341064453125000000
0.012235037982463836669921875000000
0.011078968644142150878906250000000
0.0061945435591042041778564453125000
0.0058419615961611270904541015625000
0.0056578898802399635314941406250000
0.013769390061497688293457031250000
0.015471727587282657623291015625000
0.026928450912237167358398437500000
0.027784934267401695251464843750000
0.027317263185977935791015625000000
0.025691902264952659606933593750000
0.025719232857227325439453125000000
0.030430000275373458862304687500000
0.028507454320788383483886718750000
0.031212378293275833129882812500000
0.020207129418849945068359375000000
0.010705712251365184783935546875000
0.015526856295764446258544921875000
0.014399337582290172576904296875000
0.016667125746607780456542968750000
0.014745123684406280517578125000000
0.014754824340343475341796875000000
0.014974075369536876678466796875000
0.015004198066890239715576171875000
0.0037564206868410110473632812500000
0.0023673786781728267669677734375000
0.0026316607836633920669555664062500
0.0022852020338177680969238281250000
0.00089767767349258065223693847656250
0.0064375293441116809844970703125000
0.0058230650611221790313720703125000
0.0076185413636267185211181640625000
0.0072519071400165557861328125000000
0.0045613083057105541229248046875000
0.0048704994842410087585449218750000
0.0047546732239425182342529296875000
0.0075188726186752319335937500000000
0.0081549305468797683715820312500000
0.0079716630280017852783203125000000
0.0067075197584927082061767578125000
0.0071465699002146720886230468750000
0.0070967888459563255310058593750000
0.0075674406252801418304443359375000
0.011373538523912429809570312500000
0.010510995984077453613281250000000
0.0095446659252047538757324218750000
0.0099312765523791313171386718750000
0.010537410154938697814941406250000
0.0056922528892755508422851562500000
0.0063920654356479644775390625000000
0.0056380098685622215270996093750000
0.0063118366524577140808105468750000
0.0059543130919337272644042968750000
0.0066073751077055931091308593750000
0.0067777684889733791351318359375000
0.0065610199235379695892333984375000
0.0044185793958604335784912109375000
0.0055284406989812850952148437500000
0.0055263550020754337310791015625000
0.0066645168699324131011962890625000
0.0072705051861703395843505859375000
0.0060404003597795963287353515625000
0.0062798103317618370056152343750000
0.0065149092115461826324462890625000
0.0064728846773505210876464843750000
0.0066705052740871906280517578125000
0.0057244212366640567779541015625000
0.0037980782799422740936279296875000
0.0050308769568800926208496093750000
0.0072582229040563106536865234375000
0.0061345654539763927459716796875000
0.0067586409859359264373779296875000
0.0073313750326633453369140625000000
0.0072477483190596103668212890625000
0.0062044211663305759429931640625000
0.0040854038670659065246582031250000
0.0025234555359929800033569335937500
0.0049248374998569488525390625000000
0.0049816165119409561157226562500000
0.0040080104954540729522705078125000
0.0046423641033470630645751953125000
0.0025788319762796163558959960937500
0.0030661439523100852966308593750000
0.0028678814414888620376586914062500
0.0029171616770327091217041015625000
0.0059327930212020874023437500000000
0.0067101214081048965454101562500000
0.013979478739202022552490234375000
0.012354664504528045654296875000000
0.013702202588319778442382812500000
0.013665908947587013244628906250000
0.0098471594974398612976074218750000
0.010264826007187366485595703125000
0.0090364497154951095581054687500000
0.010461849160492420196533203125000
0.0087318839505314826965332031250000
0.0089642386883497238159179687500000
0.0089414659887552261352539062500000
0.010322188958525657653808593750000
0.013970607891678810119628906250000
0.014977112412452697753906250000000
0.015159816481173038482666015625000
0.015391490422189235687255859375000
0.015546564012765884399414062500000
0.015297187492251396179199218750000
0.014839079231023788452148437500000
0.014699619263410568237304687500000
0.0028366765473037958145141601562500
0.0083478130400180816650390625000000
0.014405707828700542449951171875000
0.018409125506877899169921875000000
0.018119877204298973083496093750000
0.012012257240712642669677734375000
0.012535310350358486175537109375000
0.011519160121679306030273437500000
0.011149168014526367187500000000000
0.00078467000275850296020507812500000
0.0031872759573161602020263671875000
0.0021601377520710229873657226562500
0.00014666259812656790018081665039062
6.3338098698295652866363525390625e-05
0.00014720440958626568317413330078125
0.00014385365648195147514343261718750
0.00011961745622102171182632446289062
3.8105150451883673667907714843750e-05
6.5663785790093243122100830078125e-05
7.9360797826666384935379028320312e-05
0.00012599992624018341302871704101562
7.5948737503495067358016967773438e-05
7.1210888563655316829681396484375e-05
6.9394911406561732292175292968750e-05
8.1478756328579038381576538085938e-05
7.9118704888969659805297851562500e-05
6.1966420616954565048217773437500e-05
9.9632045021280646324157714843750e-05
0.00014262554759625345468521118164062
9.8903401521965861320495605468750e-05
0.00014202875900082290172576904296875
0.00017373768787365406751632690429688
0.0099177798256278038024902343750000
0.0095965871587395668029785156250000
0.0095587689429521560668945312500000
0.010308115743100643157958984375000
0.00030396945658139884471893310546875
0.00038915427285246551036834716796875
0.00027412999770604074001312255859375
0.0033534781541675329208374023437500
0.0032490601297467947006225585937500
0.0023798451293259859085083007812500
0.0011630991939455270767211914062500
0.0019903755746781826019287109375000
0.0015822359127923846244812011718750
0.00060417049098759889602661132812500
0.00049212394515052437782287597656250
0.011495688930153846740722656250000
0.0085580693557858467102050781250000
0.0089913122355937957763671875000000
0.0097170080989599227905273437500000
0.0095708575099706649780273437500000
0.0091367289423942565917968750000000
0.015668788924813270568847656250000
0.0087982080876827239990234375000000
0.0090790446847677230834960937500000
0.0065755494870245456695556640625000
0.0068697039969265460968017578125000
0.0062484275549650192260742187500000
0.0053622126579284667968750000000000
0.0097561636939644813537597656250000
0.0077120903879404067993164062500000
0.0070357592776417732238769531250000
0.0073990984819829463958740234375000
0.011576811783015727996826171875000
0.011482345871627330780029296875000
0.014058304019272327423095703125000
0.0084818461909890174865722656250000
0.0096557904034852981567382812500000
0.0099908458068966865539550781250000
0.0065621961839497089385986328125000
0.0068630445748567581176757812500000
0.013229751028120517730712890625000
0.011339400894939899444580078125000
0.011791064403951168060302734375000
0.013084698468446731567382812500000
0.0098945032805204391479492187500000
0.0088514927774667739868164062500000
0.0096978852525353431701660156250000
0.016814142465591430664062500000000
0.015394556336104869842529296875000
0.0038778365124017000198364257812500
0.0061227362602949142456054687500000
0.0070442096330225467681884765625000
0.0063117160461843013763427734375000
0.0029614006634801626205444335937500
0.0030823126435279846191406250000000
0.0028919621836394071578979492187500
0.0024518645368516445159912109375000
0.0035262661986052989959716796875000
0.0031551590654999017715454101562500
0.0030066212639212608337402343750000
0.0029522788245230913162231445312500
0.0037827354390174150466918945312500
0.0034086010418832302093505859375000
0.0035875593312084674835205078125000
0.0036851197946816682815551757812500
0.0080541456118226051330566406250000
0.0065370188094675540924072265625000
0.0039302096702158451080322265625000
0.0025300330016762018203735351562500
0.0019662554841488599777221679687500
0.0026126734446734189987182617187500
0.0018945715855807065963745117187500
0.0059160981327295303344726562500000
0.0066559850238263607025146484375000
0.0067445202730596065521240234375000
0.0013943824451416730880737304687500
0.0018247051630169153213500976562500
0.0016279574483633041381835937500000
0.0013481918722391128540039062500000
0.0013131202431395649909973144531250
0.0025608672294765710830688476562500
0.0024927330669015645980834960937500
0.0017732370179146528244018554687500
0.00010469345579622313380241394042969
0.00020422718080226331949234008789062
0.0016867291415110230445861816406250
0.0025105269160121679306030273437500
0.0027225441299378871917724609375000
0.0027074504178017377853393554687500
0.0023660806473344564437866210937500
0.0027399593964219093322753906250000
0.0026371676940470933914184570312500
