0 0 0
0.078233003616333007812500000000000 1 3
0.18906399607658386230468750000000 2 8
0.31759700179100036621093750000000 3 14
0.39116600155830383300781250000000 4 17
0.54445201158523559570312500000000 5 24
0.68454098701477050781250000000000 6 30
0.83936399221420288085937500000000 7 37
0.99747300148010253906250000000000 8 44
1.1115900278091430664062500000000 9 49
1.2060949802398681640625000000000 10 53
1.3690810203552246093750000000000 11 60
1.5255479812622070312500000000000 12 67
1.6168199777603149414062500000000 13 71
1.7211309671401977539062500000000 14 76
1.9055830240249633789062500000000 15 84
2.0927379131317138671875000000000 16 92
2.2004950046539306640625000000000 17 97
2.3665549755096435546875000000000 18 104
2.5180919170379638671875000000000 19 111
2.6990458965301513671875000000000 20 119
2.7903180122375488281250000000000 21 123
