303.00000000000000000000000000000 1235.0000000000000000000000000000
540.00000000000000000000000000000 1775.0000000000000000000000000000
661.00000000000000000000000000000 2433.0000000000000000000000000000
1435.0000000000000000000000000000 3863.0000000000000000000000000000
1301.0000000000000000000000000000 5163.0000000000000000000000000000
934.00000000000000000000000000000 6103.0000000000000000000000000000
867.00000000000000000000000000000 6963.0000000000000000000000000000
10202.000000000000000000000000000 17161.000000000000000000000000000
66.000000000000000000000000000000 17231.000000000000000000000000000
37.000000000000000000000000000000 17271.000000000000000000000000000
4263.0000000000000000000000000000 21533.000000000000000000000000000
4537.0000000000000000000000000000 26063.000000000000000000000000000
21294.000000000000000000000000000 47358.000000000000000000000000000
5636.0000000000000000000000000000 52988.000000000000000000000000000
1167.0000000000000000000000000000 54157.000000000000000000000000000
2131.0000000000000000000000000000 56293.000000000000000000000000000
3634.0000000000000000000000000000 59923.000000000000000000000000000
1669.0000000000000000000000000000 61593.000000000000000000000000000
4635.0000000000000000000000000000 66221.000000000000000000000000000
3433.0000000000000000000000000000 69651.000000000000000000000000000
467.00000000000000000000000000000 70121.000000000000000000000000000
36.000000000000000000000000000000 70161.000000000000000000000000000
32.000000000000000000000000000000 70191.000000000000000000000000000
3200.0000000000000000000000000000 73391.000000000000000000000000000
3871.0000000000000000000000000000 77261.000000000000000000000000000
2757.0000000000000000000000000000 80014.000000000000000000000000000
1204.0000000000000000000000000000 81214.000000000000000000000000000
98.000000000000000000000000000000 81314.000000000000000000000000000
105.00000000000000000000000000000 81414.000000000000000000000000000
99.000000000000000000000000000000 81514.000000000000000000000000000
33.000000000000000000000000000000 81544.000000000000000000000000000
369.00000000000000000000000000000 81914.000000000000000000000000000
2334.0000000000000000000000000000 84244.000000000000000000000000000
2701.0000000000000000000000000000 86952.000000000000000000000000000
1118.0000000000000000000000000000 88062.000000000000000000000000000
9735.0000000000000000000000000000 97796.000000000000000000000000000
3500.0000000000000000000000000000 101296.00000000000000000000000000
834.00000000000000000000000000000 102126.00000000000000000000000000
434.00000000000000000000000000000 102566.00000000000000000000000000
1728.0000000000000000000000000000 104287.00000000000000000000000000
102.00000000000000000000000000000 104387.00000000000000000000000000
35.000000000000000000000000000000 104427.00000000000000000000000000
33.000000000000000000000000000000 104457.00000000000000000000000000
1067.0000000000000000000000000000 105527.00000000000000000000000000
