0 0 0
0.15879899263381958007812500000000 1 7
0.22685499489307403564453125000000 2 10
0.47639599442481994628906250000000 3 21
0.49908098578453063964843750000000 4 22
0.54445201158523559570312500000000 5 24
0.68056499958038330078125000000000 6 30
0.70325100421905517578125000000000 7 31
0.74862200021743774414062500000000 8 33
0.74862200021743774414062500000000 9 33
0.77130699157714843750000000000000 10 34
0.79399299621582031250000000000000 11 35
0.83936399221420288085937500000000 12 37
0.86204898357391357421875000000000 13 38
0.88473498821258544921875000000000 14 39
0.90741997957229614257812500000000 15 40
0.93010598421096801757812500000000 16 41
0.99816197156906127929687500000000 17 44
1.2250180244445800781250000000000 18 54
1.2250180244445800781250000000000 19 54
