190.00000000000000000000000000000
180.00000000000000000000000000000
190.00000000000000000000000000000
200.00000000000000000000000000000
180.00000000000000000000000000000
180.00000000000000000000000000000
190.00000000000000000000000000000
200.00000000000000000000000000000
200.00000000000000000000000000000
180.00000000000000000000000000000
200.00000000000000000000000000000
190.00000000000000000000000000000
570.00000000000000000000000000000
210.00000000000000000000000000000
210.00000000000000000000000000000
230.00000000000000000000000000000
0.0000000000000000000000000000000
200.00000000000000000000000000000
200.00000000000000000000000000000
190.00000000000000000000000000000
200.00000000000000000000000000000
200.00000000000000000000000000000
200.00000000000000000000000000000
200.00000000000000000000000000000
200.00000000000000000000000000000
210.00000000000000000000000000000
190.00000000000000000000000000000
210.00000000000000000000000000000
610.00000000000000000000000000000
