0 0 0
0.15909999608993530273437500000000 1 7
0.31819999217987060546875000000000 2 14
0.47729998826980590820312500000000 3 21
0.65909999608993530273437500000000 4 29
0.84090000391006469726562500000000 5 37
1.0000000000000000000000000000000 6 44
1.1818000078201293945312500000000 7 52
1.3408999443054199218750000000000 8 59
1.5000000000000000000000000000000 9 66
1.6591000556945800781250000000000 10 73
1.8181999921798706054687500000000 11 80
1.8408999443054199218750000000000 12 81
1.8408999443054199218750000000000 13 81
2.0000000000000000000000000000000 14 88
2.1591000556945800781250000000000 15 95
2.3182001113891601562500000000000 16 102
2.3182001113891601562500000000000 17 102
2.4772999286651611328125000000000 18 109
2.6136000156402587890625000000000 19 115
2.6136000156402587890625000000000 20 115
